All unique sylvester gallai designs on 12 points
Sylvester Gallai design 1/3
(0, 1, 2)
(0, 3, 4, 5)
(0, 6, 7, 8)
(0, 9, 10, 11)
(1, 3, 6, 9)
(1, 4, 7, 10)
(1, 5, 8, 11)
(2, 3, 7, 11)
(2, 5, 6, 10)
(2, 4, 8, 9)
(3, 8, 10)
(4, 6, 11)
(5, 7, 9)

Sylvester Gallai design 2/3
(0, 1, 2)
(0, 3, 4, 5)
(0, 6, 7)
(0, 8, 9)
(0, 10, 11)
(1, 6, 8, 10)
(1, 3, 7)
(1, 4, 9)
(1, 5, 11)
(2, 3, 6)
(2, 4, 8)
(2, 7, 9, 11)
(2, 5, 10)
(3, 8, 11)
(3, 9, 10)
(4, 6, 11)
(4, 7, 10)
(5, 6, 9)
(5, 7, 8)

Sylvester Gallai design 3/3
(0, 1, 2)
(0, 3, 4, 5)
(0, 6, 7)
(0, 8, 9)
(0, 10, 11)
(1, 6, 8, 10)
(1, 3, 7)
(1, 4, 9)
(1, 5, 11)
(2, 3, 6)
(2, 4, 10)
(2, 5, 8)
(2, 7, 9, 11)
(3, 8, 11)
(3, 9, 10)
(4, 6, 11)
(4, 7, 8)
(5, 6, 9)
(5, 7, 10)

