All unique sylvester gallai designs on 13 points
Sylvester Gallai design 1/7
(0, 1, 2, 3)
(0, 4, 5, 6)
(0, 7, 8, 9)
(0, 10, 11, 12)
(1, 4, 7, 10)
(1, 5, 8, 11)
(1, 6, 9, 12)
(2, 4, 8, 12)
(2, 5, 9, 10)
(2, 6, 7, 11)
(3, 4, 9, 11)
(3, 5, 7, 12)
(3, 6, 8, 10)

Sylvester Gallai design 2/7
(0, 1, 2)
(0, 3, 4, 5, 6)
(0, 7, 8)
(0, 9, 10)
(0, 11, 12)
(1, 3, 7, 9, 11)
(1, 4, 8)
(1, 5, 10)
(1, 6, 12)
(2, 3, 8, 10, 12)
(2, 4, 9)
(2, 5, 7)
(2, 6, 11)
(4, 10, 11)
(4, 7, 12)
(5, 8, 11)
(5, 9, 12)
(6, 7, 10)
(6, 8, 9)

Sylvester Gallai design 3/7
(0, 1, 2)
(0, 3, 4, 5, 6)
(0, 7, 8)
(0, 9, 10)
(0, 11, 12)
(1, 3, 7, 9, 11)
(1, 4, 8)
(1, 5, 10)
(1, 6, 12)
(2, 3, 8, 10, 12)
(2, 4, 7)
(2, 5, 9)
(2, 6, 11)
(4, 9, 12)
(4, 10, 11)
(5, 7, 12)
(5, 8, 11)
(6, 7, 10)
(6, 8, 9)

Sylvester Gallai design 4/7
(0, 1, 2)
(0, 3, 4, 5)
(0, 6, 7, 8)
(0, 9, 10)
(0, 11, 12)
(1, 3, 6, 9)
(1, 4, 10, 11)
(1, 5, 7)
(1, 8, 12)
(2, 4, 6)
(2, 5, 8, 10)
(2, 7, 9, 11)
(2, 3, 12)
(3, 7, 10)
(3, 8, 11)
(4, 7, 12)
(4, 8, 9)
(5, 9, 12)
(5, 6, 11)
(6, 10, 12)

Sylvester Gallai design 5/7
(0, 1, 2)
(0, 3, 4, 5)
(0, 6, 7, 8)
(0, 9, 10)
(0, 11, 12)
(1, 3, 6, 9)
(1, 4, 10, 11)
(1, 5, 7)
(1, 8, 12)
(2, 4, 7)
(2, 3, 8, 11)
(2, 5, 9, 12)
(2, 6, 10)
(4, 6, 12)
(4, 8, 9)
(5, 6, 11)
(5, 8, 10)
(7, 9, 11)
(3, 7, 10, 12)

Sylvester Gallai design 6/7
(0, 1, 2)
(0, 3, 4)
(0, 5, 6)
(0, 7, 8)
(0, 9, 10)
(0, 11, 12)
(1, 3, 5)
(1, 4, 6)
(1, 7, 9)
(1, 8, 11)
(1, 10, 12)
(2, 3, 7)
(2, 6, 8)
(2, 4, 10)
(2, 5, 11)
(2, 9, 12)
(3, 6, 12)
(6, 9, 11)
(3, 8, 9)
(3, 10, 11)
(4, 5, 9)
(4, 8, 12)
(4, 7, 11)
(5, 8, 10)
(5, 7, 12)
(6, 7, 10)

Sylvester Gallai design 7/7
(0, 1, 2)
(0, 3, 4)
(0, 5, 6)
(0, 7, 8)
(0, 9, 10)
(0, 11, 12)
(1, 3, 5)
(1, 4, 6)
(1, 7, 9)
(1, 8, 11)
(1, 10, 12)
(2, 3, 7)
(2, 6, 10)
(2, 4, 11)
(2, 8, 12)
(2, 5, 9)
(3, 10, 11)
(5, 7, 11)
(4, 5, 12)
(4, 7, 10)
(4, 8, 9)
(3, 6, 8)
(3, 9, 12)
(5, 8, 10)
(6, 7, 12)
(6, 9, 11)

