All unique sylvester gallai designs on 15 points
Sylvester Gallai design 1/119
(0, 1, 2)
(0, 3, 4, 5, 6)
(0, 7, 8, 9, 10)
(0, 11, 12, 13, 14)
(1, 3, 7, 11)
(1, 4, 8, 12)
(1, 5, 9, 13)
(1, 6, 10, 14)
(2, 3, 8, 13)
(2, 5, 10, 11)
(2, 4, 7, 14)
(2, 6, 9, 12)
(3, 9, 14)
(3, 10, 12)
(4, 9, 11)
(4, 10, 13)
(5, 7, 12)
(5, 8, 14)
(6, 7, 13)
(6, 8, 11)

Sylvester Gallai design 2/119
(0, 1, 2)
(0, 3, 4, 5)
(0, 6, 7, 8)
(0, 9, 10, 11)
(0, 12, 13, 14)
(1, 3, 6, 9)
(1, 4, 7, 12)
(1, 5, 10, 13)
(1, 8, 11, 14)
(2, 3, 14)
(2, 7, 10)
(2, 9, 12)
(2, 5, 8)
(2, 4, 11)
(2, 6, 13)
(3, 7, 11, 13)
(3, 8, 10, 12)
(4, 6, 10, 14)
(4, 8, 9, 13)
(5, 6, 11, 12)
(5, 7, 9, 14)

Sylvester Gallai design 3/119
(0, 1, 2)
(0, 3, 4, 5)
(0, 6, 7, 8)
(0, 9, 10, 11)
(0, 12, 13, 14)
(1, 3, 6, 9)
(1, 4, 7, 12)
(1, 5, 10, 13)
(1, 8, 11, 14)
(2, 3, 8, 13)
(2, 4, 9, 14)
(2, 6, 10, 12)
(2, 5, 7, 11)
(3, 11, 12)
(4, 8, 10)
(5, 6, 14)
(7, 9, 13)
(3, 7, 10, 14)
(4, 6, 11, 13)
(5, 8, 9, 12)

Sylvester Gallai design 4/119
(0, 1, 2)
(0, 3, 4, 5, 6)
(0, 7, 8, 9, 10)
(0, 11, 12, 13, 14)
(1, 3, 7)
(1, 4, 8)
(1, 5, 11)
(1, 6, 12)
(1, 9, 13)
(1, 10, 14)
(2, 3, 13)
(2, 5, 10)
(2, 7, 12)
(2, 8, 11)
(2, 4, 14)
(2, 6, 9)
(3, 8, 12)
(3, 10, 11)
(3, 9, 14)
(5, 9, 12)
(4, 9, 11)
(4, 7, 13)
(4, 10, 12)
(5, 7, 14)
(5, 8, 13)
(6, 7, 11)
(6, 8, 14)
(6, 10, 13)

Sylvester Gallai design 5/119
(0, 1, 2)
(0, 3, 4, 5, 6)
(0, 7, 8, 9, 10)
(0, 11, 12, 13, 14)
(1, 3, 7)
(1, 4, 8)
(1, 5, 11)
(1, 6, 12)
(1, 9, 13)
(1, 10, 14)
(2, 3, 13)
(2, 5, 10)
(2, 8, 12)
(2, 4, 14)
(2, 6, 9)
(2, 7, 11)
(3, 8, 11)
(3, 10, 12)
(3, 9, 14)
(5, 9, 12)
(4, 9, 11)
(4, 10, 13)
(4, 7, 12)
(6, 10, 11)
(5, 7, 14)
(5, 8, 13)
(6, 7, 13)
(6, 8, 14)

Sylvester Gallai design 6/119
(0, 1, 2)
(0, 3, 4, 5, 6)
(0, 7, 8, 9, 10)
(0, 11, 12)
(0, 13, 14)
(1, 3, 7, 11, 13)
(1, 4, 8, 12, 14)
(1, 5, 9)
(1, 6, 10)
(2, 3, 8)
(2, 4, 7)
(2, 5, 10, 11, 14)
(2, 6, 9, 12, 13)
(3, 9, 14)
(3, 10, 12)
(4, 9, 11)
(4, 10, 13)
(5, 7, 12)
(5, 8, 13)
(6, 7, 14)
(6, 8, 11)

Sylvester Gallai design 7/119
(0, 1, 2)
(0, 3, 4, 5)
(0, 6, 7, 8)
(0, 9, 10, 11)
(0, 12, 13, 14)
(1, 3, 6, 9)
(1, 4, 7, 12)
(1, 5, 10)
(1, 8, 13)
(1, 11, 14)
(2, 4, 9, 13)
(2, 3, 7)
(2, 5, 14)
(2, 8, 10)
(2, 6, 11, 12)
(4, 8, 11)
(3, 11, 13)
(5, 6, 13)
(5, 7, 11)
(7, 9, 14)
(7, 10, 13)
(3, 8, 14)
(3, 10, 12)
(4, 6, 10, 14)
(5, 8, 9, 12)

Sylvester Gallai design 8/119
(0, 1, 2)
(0, 3, 4, 5)
(0, 6, 7, 8)
(0, 9, 10, 11)
(0, 12, 13, 14)
(1, 3, 6, 9)
(1, 4, 7, 12)
(1, 5, 10)
(1, 8, 13)
(1, 11, 14)
(2, 4, 9, 14)
(2, 6, 11, 12)
(2, 8, 10)
(2, 3, 7)
(2, 5, 13)
(4, 8, 11)
(3, 11, 13)
(5, 6, 14)
(5, 7, 11)
(7, 9, 13)
(7, 10, 14)
(3, 10, 12)
(3, 8, 14)
(4, 6, 10, 13)
(5, 8, 9, 12)

Sylvester Gallai design 9/119
(0, 1, 2)
(0, 3, 4, 5, 6, 7)
(0, 8, 9, 10)
(0, 11, 12)
(0, 13, 14)
(1, 3, 8, 11)
(1, 4, 12, 13)
(1, 5, 9)
(1, 6, 10)
(1, 7, 14)
(2, 4, 9)
(2, 3, 12)
(2, 6, 8)
(2, 7, 10, 13)
(2, 5, 11, 14)
(3, 10, 14)
(3, 9, 13)
(4, 8, 14)
(4, 10, 11)
(5, 10, 12)
(5, 8, 13)
(6, 11, 13)
(7, 8, 12)
(7, 9, 11)
(6, 9, 12, 14)

Sylvester Gallai design 10/119
(0, 1, 2)
(0, 3, 4, 5, 6)
(0, 7, 8, 9, 10)
(0, 11, 12)
(0, 13, 14)
(1, 3, 7, 11, 13)
(1, 4, 8)
(1, 5, 9)
(1, 6, 10)
(1, 12, 14)
(2, 3, 8)
(2, 4, 7)
(2, 5, 11)
(2, 6, 14)
(2, 9, 13)
(2, 10, 12)
(3, 10, 14)
(3, 9, 12)
(4, 12, 13)
(4, 10, 11)
(4, 9, 14)
(5, 10, 13)
(6, 7, 12)
(5, 7, 14)
(5, 8, 12)
(6, 9, 11)
(6, 8, 13)
(8, 11, 14)

Sylvester Gallai design 11/119
(0, 1, 2)
(0, 3, 4, 5, 6)
(0, 7, 8, 9, 10)
(0, 11, 12)
(0, 13, 14)
(1, 3, 7, 11, 13)
(1, 4, 8)
(1, 5, 9)
(1, 6, 12)
(1, 10, 14)
(2, 3, 8)
(2, 4, 7)
(2, 9, 11)
(2, 12, 14)
(2, 5, 13)
(2, 6, 10)
(3, 10, 12)
(3, 9, 14)
(4, 11, 14)
(4, 10, 13)
(4, 9, 12)
(5, 10, 11)
(6, 7, 14)
(5, 7, 12)
(5, 8, 14)
(6, 9, 13)
(6, 8, 11)
(8, 12, 13)

Sylvester Gallai design 12/119
(0, 1, 2)
(0, 3, 4, 5)
(0, 6, 7, 8)
(0, 9, 10, 11)
(0, 12, 13, 14)
(1, 3, 6)
(1, 4, 9)
(1, 5, 12)
(1, 7, 10)
(1, 8, 13)
(1, 11, 14)
(2, 3, 7)
(2, 5, 9)
(2, 4, 13)
(2, 10, 14)
(2, 6, 11)
(2, 8, 12)
(3, 10, 13)
(3, 11, 12)
(4, 8, 11)
(5, 8, 10)
(4, 7, 14)
(5, 6, 14)
(6, 9, 13)
(7, 9, 12)
(3, 8, 9, 14)
(4, 6, 10, 12)
(5, 7, 11, 13)

Sylvester Gallai design 13/119
(0, 1, 2)
(0, 3, 4, 5)
(0, 6, 7, 8)
(0, 9, 10, 11)
(0, 12, 13, 14)
(1, 3, 6)
(1, 4, 9)
(1, 5, 12)
(1, 7, 10)
(1, 8, 13)
(1, 11, 14)
(2, 3, 7)
(2, 8, 9)
(2, 6, 14)
(2, 10, 12)
(2, 5, 13)
(2, 4, 11)
(3, 9, 13)
(7, 11, 13)
(4, 7, 12)
(6, 9, 12)
(5, 6, 11)
(3, 10, 14)
(4, 8, 14)
(5, 8, 10)
(4, 6, 10, 13)
(5, 7, 9, 14)
(3, 8, 11, 12)

Sylvester Gallai design 14/119
(0, 1, 2)
(0, 3, 4, 5, 6, 7, 8)
(0, 9, 10)
(0, 11, 12)
(0, 13, 14)
(1, 3, 9)
(1, 4, 10)
(1, 5, 11)
(1, 6, 12)
(1, 7, 13)
(1, 8, 14)
(2, 3, 10)
(2, 5, 9)
(2, 6, 11)
(2, 8, 12)
(2, 7, 14)
(2, 4, 13)
(3, 11, 13)
(3, 12, 14)
(4, 9, 12)
(4, 11, 14)
(5, 10, 14)
(5, 12, 13)
(6, 10, 13)
(6, 9, 14)
(7, 9, 11)
(7, 10, 12)
(8, 9, 13)
(8, 10, 11)

Sylvester Gallai design 15/119
(0, 1, 2)
(0, 3, 4, 5, 6, 7, 8)
(0, 9, 10)
(0, 11, 12)
(0, 13, 14)
(1, 3, 9)
(1, 4, 10)
(1, 5, 11)
(1, 6, 12)
(1, 7, 13)
(1, 8, 14)
(2, 3, 10)
(2, 5, 9)
(2, 6, 11)
(2, 8, 13)
(2, 4, 12)
(2, 7, 14)
(3, 11, 13)
(3, 12, 14)
(4, 9, 13)
(4, 11, 14)
(5, 10, 14)
(5, 12, 13)
(6, 9, 14)
(6, 10, 13)
(7, 9, 11)
(7, 10, 12)
(8, 9, 12)
(8, 10, 11)

Sylvester Gallai design 16/119
(0, 1, 2)
(0, 3, 4, 5, 6, 7, 8)
(0, 9, 10)
(0, 11, 12)
(0, 13, 14)
(1, 3, 9)
(1, 4, 10)
(1, 5, 11)
(1, 6, 12)
(1, 7, 13)
(1, 8, 14)
(2, 3, 10)
(2, 5, 9)
(2, 6, 11)
(2, 8, 13)
(2, 4, 12)
(2, 7, 14)
(3, 11, 13)
(3, 12, 14)
(4, 9, 13)
(4, 11, 14)
(5, 10, 14)
(5, 12, 13)
(6, 9, 14)
(6, 10, 13)
(7, 9, 12)
(8, 10, 12)
(7, 10, 11)
(8, 9, 11)

Sylvester Gallai design 17/119
(0, 1, 2)
(0, 3, 4, 5, 6, 7, 8)
(0, 9, 10)
(0, 11, 12)
(0, 13, 14)
(1, 3, 9)
(1, 4, 10)
(1, 5, 11)
(1, 6, 12)
(1, 7, 13)
(1, 8, 14)
(2, 3, 10)
(2, 5, 9)
(2, 6, 13)
(2, 8, 11)
(2, 7, 12)
(2, 4, 14)
(3, 11, 14)
(3, 12, 13)
(5, 10, 13)
(5, 12, 14)
(8, 10, 12)
(8, 9, 13)
(4, 9, 12)
(4, 11, 13)
(6, 9, 14)
(7, 10, 14)
(6, 10, 11)
(7, 9, 11)

Sylvester Gallai design 18/119
(0, 1, 2)
(0, 3, 4, 5, 6, 7, 8)
(0, 9, 10)
(0, 11, 12)
(0, 13, 14)
(1, 3, 9)
(1, 4, 10)
(1, 5, 11)
(1, 6, 12)
(1, 7, 13)
(1, 8, 14)
(2, 3, 10)
(2, 5, 12)
(2, 8, 13)
(2, 6, 11)
(2, 4, 9)
(2, 7, 14)
(3, 11, 13)
(3, 12, 14)
(4, 11, 14)
(4, 12, 13)
(5, 9, 13)
(5, 10, 14)
(6, 9, 14)
(6, 10, 13)
(7, 9, 11)
(7, 10, 12)
(8, 9, 12)
(8, 10, 11)

Sylvester Gallai design 19/119
(0, 1, 2)
(0, 3, 4, 5, 6, 7, 8)
(0, 9, 10)
(0, 11, 12)
(0, 13, 14)
(1, 3, 9)
(1, 4, 10)
(1, 5, 11)
(1, 6, 12)
(1, 7, 13)
(1, 8, 14)
(2, 3, 11)
(2, 6, 9)
(2, 4, 14)
(2, 7, 10)
(2, 8, 12)
(2, 5, 13)
(3, 10, 13)
(3, 12, 14)
(6, 11, 13)
(4, 9, 11)
(4, 12, 13)
(6, 10, 14)
(5, 10, 12)
(5, 9, 14)
(7, 9, 12)
(7, 11, 14)
(8, 9, 13)
(8, 10, 11)

Sylvester Gallai design 20/119
(0, 1, 2)
(0, 3, 4, 5, 6)
(0, 7, 8)
(0, 9, 10)
(0, 11, 12)
(0, 13, 14)
(1, 7, 9, 11, 13)
(1, 3, 8)
(1, 4, 10)
(1, 5, 12)
(1, 6, 14)
(2, 3, 7)
(2, 4, 9)
(2, 6, 13)
(2, 8, 10, 12, 14)
(2, 5, 11)
(3, 9, 12)
(3, 10, 13)
(3, 11, 14)
(4, 8, 11)
(4, 12, 13)
(4, 7, 14)
(5, 7, 10)
(5, 8, 13)
(5, 9, 14)
(6, 7, 12)
(6, 8, 9)
(6, 10, 11)

Sylvester Gallai design 21/119
(0, 1, 2)
(0, 3, 4, 5, 6)
(0, 7, 8)
(0, 9, 10)
(0, 11, 12)
(0, 13, 14)
(1, 7, 9, 11, 13)
(1, 3, 8)
(1, 4, 10)
(1, 5, 12)
(1, 6, 14)
(2, 3, 9)
(2, 4, 7)
(2, 5, 13)
(2, 8, 10, 12, 14)
(2, 6, 11)
(3, 10, 11)
(3, 12, 13)
(3, 7, 14)
(4, 9, 12)
(4, 8, 13)
(4, 11, 14)
(5, 7, 10)
(5, 8, 11)
(5, 9, 14)
(6, 7, 12)
(6, 8, 9)
(6, 10, 13)

Sylvester Gallai design 22/119
(0, 1, 2)
(0, 3, 4, 5)
(0, 6, 7, 8)
(0, 9, 10)
(0, 11, 12)
(0, 13, 14)
(1, 3, 6, 9)
(1, 4, 7, 11)
(1, 5, 10)
(1, 8, 13)
(1, 12, 14)
(2, 4, 6)
(2, 3, 7)
(2, 8, 10)
(2, 5, 12)
(2, 9, 13)
(2, 11, 14)
(3, 8, 14)
(4, 9, 14)
(4, 8, 12)
(7, 9, 12)
(4, 10, 13)
(7, 10, 14)
(5, 7, 13)
(5, 6, 14)
(3, 10, 11)
(3, 12, 13)
(6, 10, 12)
(6, 11, 13)
(5, 8, 9, 11)

Sylvester Gallai design 23/119
(0, 1, 2)
(0, 3, 4, 5)
(0, 6, 7, 8)
(0, 9, 10)
(0, 11, 12)
(0, 13, 14)
(1, 3, 6, 9)
(1, 4, 7, 11)
(1, 5, 10)
(1, 8, 13)
(1, 12, 14)
(2, 4, 6)
(2, 3, 7)
(2, 8, 10)
(2, 5, 12)
(2, 9, 13)
(2, 11, 14)
(3, 8, 14)
(4, 9, 14)
(4, 8, 12)
(7, 9, 12)
(4, 10, 13)
(7, 10, 14)
(5, 7, 13)
(5, 6, 14)
(3, 11, 13)
(6, 12, 13)
(6, 10, 11)
(3, 10, 12)
(5, 8, 9, 11)

Sylvester Gallai design 24/119
(0, 1, 2)
(0, 3, 4, 5)
(0, 6, 7, 8)
(0, 9, 10)
(0, 11, 12)
(0, 13, 14)
(1, 3, 6, 9)
(1, 4, 7, 11)
(1, 5, 10)
(1, 8, 13)
(1, 12, 14)
(2, 4, 6)
(2, 3, 7)
(2, 8, 10)
(2, 5, 12)
(2, 9, 13)
(2, 11, 14)
(3, 10, 14)
(5, 6, 14)
(7, 9, 14)
(5, 7, 13)
(7, 10, 12)
(6, 12, 13)
(3, 8, 12)
(6, 10, 11)
(3, 11, 13)
(4, 10, 13)
(4, 9, 12)
(4, 8, 14)
(5, 8, 9, 11)

Sylvester Gallai design 25/119
(0, 1, 2)
(0, 3, 4, 5)
(0, 6, 7, 8)
(0, 9, 10)
(0, 11, 12)
(0, 13, 14)
(1, 3, 6, 9)
(1, 4, 7, 11)
(1, 5, 10)
(1, 8, 13)
(1, 12, 14)
(2, 4, 6)
(2, 3, 7)
(2, 8, 10)
(2, 5, 12)
(2, 11, 13)
(2, 9, 14)
(4, 8, 14)
(3, 8, 12)
(3, 10, 13)
(3, 11, 14)
(6, 10, 11)
(6, 12, 13)
(5, 6, 14)
(4, 9, 13)
(5, 7, 13)
(7, 9, 12)
(7, 10, 14)
(4, 10, 12)
(5, 8, 9, 11)

Sylvester Gallai design 26/119
(0, 1, 2)
(0, 3, 4, 5)
(0, 6, 7, 8)
(0, 9, 10)
(0, 11, 12)
(0, 13, 14)
(1, 3, 6, 9)
(1, 4, 7, 11)
(1, 5, 10)
(1, 8, 13)
(1, 12, 14)
(2, 4, 6)
(2, 3, 7)
(2, 8, 10)
(2, 9, 12)
(2, 5, 14)
(2, 11, 13)
(7, 10, 14)
(6, 11, 14)
(3, 8, 14)
(3, 10, 11)
(3, 12, 13)
(4, 9, 14)
(4, 8, 12)
(4, 10, 13)
(6, 10, 12)
(5, 6, 13)
(5, 7, 12)
(7, 9, 13)
(5, 8, 9, 11)

Sylvester Gallai design 27/119
(0, 1, 2)
(0, 3, 4, 5)
(0, 6, 7, 8)
(0, 9, 10)
(0, 11, 12)
(0, 13, 14)
(1, 3, 6, 9)
(1, 4, 7, 11)
(1, 5, 10)
(1, 8, 13)
(1, 12, 14)
(2, 4, 6)
(2, 3, 7)
(2, 8, 10)
(2, 9, 12)
(2, 5, 14)
(2, 11, 13)
(7, 9, 14)
(4, 9, 13)
(4, 10, 14)
(4, 8, 12)
(6, 11, 14)
(3, 10, 11)
(3, 12, 13)
(3, 8, 14)
(5, 7, 13)
(6, 10, 13)
(7, 10, 12)
(5, 6, 12)
(5, 8, 9, 11)

Sylvester Gallai design 28/119
(0, 1, 2)
(0, 3, 4, 5)
(0, 6, 7, 8)
(0, 9, 10)
(0, 11, 12)
(0, 13, 14)
(1, 3, 6, 9)
(1, 4, 7, 11)
(1, 5, 10)
(1, 8, 13)
(1, 12, 14)
(2, 4, 6)
(2, 3, 7)
(2, 8, 10)
(2, 9, 12)
(2, 11, 14)
(2, 5, 13)
(3, 8, 14)
(4, 8, 12)
(5, 6, 14)
(5, 7, 12)
(4, 9, 13)
(4, 10, 14)
(7, 10, 13)
(7, 9, 14)
(3, 12, 13)
(6, 10, 12)
(3, 10, 11)
(6, 11, 13)
(5, 8, 9, 11)

Sylvester Gallai design 29/119
(0, 1, 2)
(0, 3, 4, 5)
(0, 6, 7, 8)
(0, 9, 10)
(0, 11, 12)
(0, 13, 14)
(1, 3, 6, 9)
(1, 4, 7, 11)
(1, 5, 10)
(1, 8, 13)
(1, 12, 14)
(2, 4, 6)
(2, 3, 7)
(2, 8, 10)
(2, 9, 12)
(2, 11, 14)
(2, 5, 13)
(3, 8, 14)
(4, 8, 12)
(5, 6, 14)
(5, 7, 12)
(4, 10, 13)
(7, 9, 13)
(4, 9, 14)
(7, 10, 14)
(6, 11, 13)
(3, 10, 11)
(6, 10, 12)
(3, 12, 13)
(5, 8, 9, 11)

Sylvester Gallai design 30/119
(0, 1, 2)
(0, 3, 4, 5)
(0, 6, 7, 8)
(0, 9, 10)
(0, 11, 12)
(0, 13, 14)
(1, 3, 6, 9)
(1, 4, 7, 11)
(1, 5, 10)
(1, 8, 13)
(1, 12, 14)
(2, 4, 6)
(2, 5, 7)
(2, 9, 12)
(2, 3, 13)
(2, 8, 14)
(2, 10, 11)
(3, 11, 14)
(4, 10, 14)
(5, 6, 14)
(6, 11, 13)
(6, 10, 12)
(7, 9, 14)
(3, 8, 10)
(3, 7, 12)
(7, 10, 13)
(4, 8, 12)
(5, 12, 13)
(4, 9, 13)
(5, 8, 9, 11)

Sylvester Gallai design 31/119
(0, 1, 2)
(0, 3, 4, 5)
(0, 6, 7, 8)
(0, 9, 10)
(0, 11, 12)
(0, 13, 14)
(1, 3, 6, 9)
(1, 4, 7, 11)
(1, 5, 10)
(1, 8, 13)
(1, 12, 14)
(2, 4, 6)
(2, 5, 7)
(2, 9, 12)
(2, 3, 13)
(2, 11, 14)
(2, 8, 10)
(3, 10, 11)
(3, 7, 12)
(3, 8, 14)
(7, 10, 13)
(7, 9, 14)
(4, 10, 14)
(6, 10, 12)
(5, 6, 14)
(6, 11, 13)
(4, 9, 13)
(5, 12, 13)
(4, 8, 12)
(5, 8, 9, 11)

Sylvester Gallai design 32/119
(0, 1, 2)
(0, 3, 4, 5)
(0, 6, 7, 8)
(0, 9, 10)
(0, 11, 12)
(0, 13, 14)
(1, 3, 6, 9)
(1, 4, 7, 11)
(1, 5, 10)
(1, 8, 13)
(1, 12, 14)
(2, 4, 6)
(2, 5, 7)
(2, 9, 12)
(2, 3, 13)
(2, 11, 14)
(2, 8, 10)
(3, 10, 11)
(3, 7, 12)
(3, 8, 14)
(7, 10, 14)
(5, 6, 14)
(6, 11, 13)
(6, 10, 12)
(4, 9, 14)
(4, 8, 12)
(5, 12, 13)
(7, 9, 13)
(4, 10, 13)
(5, 8, 9, 11)

Sylvester Gallai design 33/119
(0, 1, 2)
(0, 3, 4, 5)
(0, 6, 7, 8)
(0, 9, 10)
(0, 11, 12)
(0, 13, 14)
(1, 3, 6, 9)
(1, 4, 7, 11)
(1, 5, 10)
(1, 8, 13)
(1, 12, 14)
(2, 4, 6)
(2, 7, 10)
(2, 3, 8)
(2, 5, 12)
(2, 9, 13)
(2, 11, 14)
(3, 7, 14)
(5, 7, 13)
(7, 9, 12)
(5, 6, 14)
(5, 8, 9, 11)
(4, 9, 14)
(8, 10, 14)
(4, 8, 12)
(4, 10, 13)
(6, 10, 11)
(3, 11, 13)
(6, 12, 13)
(3, 10, 12)

Sylvester Gallai design 34/119
(0, 1, 2)
(0, 3, 4, 5)
(0, 6, 7, 8)
(0, 9, 10)
(0, 11, 12)
(0, 13, 14)
(1, 3, 6, 9)
(1, 4, 7, 11)
(1, 5, 10)
(1, 8, 13)
(1, 12, 14)
(2, 4, 6)
(2, 7, 10)
(2, 3, 8)
(2, 5, 12)
(2, 9, 13)
(2, 11, 14)
(3, 10, 14)
(3, 11, 13)
(3, 7, 12)
(5, 6, 14)
(6, 10, 11)
(6, 12, 13)
(4, 10, 13)
(8, 10, 12)
(4, 9, 12)
(4, 8, 14)
(7, 9, 14)
(5, 7, 13)
(5, 8, 9, 11)

Sylvester Gallai design 35/119
(0, 1, 2)
(0, 3, 4, 5)
(0, 6, 7, 8)
(0, 9, 10)
(0, 11, 12)
(0, 13, 14)
(1, 3, 6, 9)
(1, 4, 7, 11)
(1, 5, 10)
(1, 8, 13)
(1, 12, 14)
(2, 4, 8)
(2, 6, 10)
(2, 3, 11)
(2, 9, 14)
(2, 5, 12)
(2, 7, 13)
(4, 10, 14)
(3, 8, 14)
(5, 7, 14)
(6, 11, 14)
(5, 6, 13)
(4, 6, 12)
(4, 9, 13)
(10, 11, 13)
(3, 12, 13)
(8, 10, 12)
(7, 9, 12)
(3, 7, 10)
(5, 8, 9, 11)

Sylvester Gallai design 36/119
(0, 1, 2)
(0, 3, 4, 5)
(0, 6, 7, 8)
(0, 9, 10)
(0, 11, 12)
(0, 13, 14)
(1, 3, 6, 9)
(1, 4, 7, 11)
(1, 5, 10)
(1, 8, 13)
(1, 12, 14)
(2, 4, 13)
(2, 6, 12)
(2, 5, 7)
(2, 9, 14)
(2, 3, 11)
(2, 8, 10)
(3, 8, 12)
(4, 8, 14)
(4, 6, 10)
(4, 9, 12)
(7, 9, 13)
(7, 10, 12)
(3, 7, 14)
(5, 12, 13)
(10, 11, 14)
(5, 6, 14)
(6, 11, 13)
(3, 10, 13)
(5, 8, 9, 11)

Sylvester Gallai design 37/119
(0, 1, 2)
(0, 3, 4, 5)
(0, 6, 7, 8)
(0, 9, 10)
(0, 11, 12)
(0, 13, 14)
(1, 3, 6, 9)
(1, 4, 7, 11)
(1, 5, 13)
(1, 8, 14)
(1, 10, 12)
(2, 3, 7)
(2, 4, 6)
(2, 5, 14)
(2, 9, 12)
(2, 8, 13)
(2, 10, 11)
(3, 8, 10)
(3, 11, 13)
(3, 12, 14)
(4, 8, 12)
(5, 6, 10)
(6, 11, 14)
(6, 12, 13)
(5, 7, 12)
(7, 9, 14)
(4, 10, 14)
(7, 10, 13)
(4, 9, 13)
(5, 8, 9, 11)

Sylvester Gallai design 38/119
(0, 1, 2)
(0, 3, 4, 5)
(0, 6, 7, 8)
(0, 9, 10)
(0, 11, 12)
(0, 13, 14)
(1, 3, 6, 9)
(1, 4, 10, 11)
(1, 5, 7)
(1, 8, 13)
(1, 12, 14)
(2, 4, 6)
(2, 5, 8, 10)
(2, 12, 13)
(2, 3, 14)
(2, 7, 9, 11)
(3, 8, 11)
(4, 9, 13)
(4, 8, 14)
(5, 9, 14)
(6, 11, 14)
(5, 11, 13)
(5, 6, 12)
(6, 10, 13)
(7, 10, 14)
(3, 7, 13)
(4, 7, 12)
(3, 10, 12)
(8, 9, 12)

Sylvester Gallai design 39/119
(0, 1, 2)
(0, 3, 4, 5)
(0, 6, 7, 8)
(0, 9, 10)
(0, 11, 12)
(0, 13, 14)
(1, 3, 6, 9)
(1, 4, 10, 11)
(1, 5, 7)
(1, 8, 13)
(1, 12, 14)
(2, 4, 8)
(2, 5, 9)
(2, 6, 11)
(2, 3, 14)
(2, 7, 10)
(2, 12, 13)
(4, 6, 14)
(4, 7, 12)
(4, 9, 13)
(8, 9, 12)
(3, 10, 12)
(3, 8, 11)
(3, 7, 13)
(5, 11, 13)
(5, 6, 12)
(6, 10, 13)
(7, 9, 11, 14)
(5, 8, 10, 14)

Sylvester Gallai design 40/119
(0, 1, 2)
(0, 3, 4)
(0, 5, 6)
(0, 7, 8)
(0, 9, 10)
(0, 11, 12)
(0, 13, 14)
(1, 3, 5)
(1, 4, 6)
(1, 7, 9)
(1, 8, 10)
(1, 11, 13)
(1, 12, 14)
(2, 3, 6)
(2, 4, 7)
(2, 5, 10)
(2, 8, 11)
(2, 9, 14)
(2, 12, 13)
(4, 10, 13)
(3, 7, 13)
(5, 8, 13)
(6, 9, 13)
(6, 8, 12)
(3, 8, 14)
(4, 8, 9)
(4, 5, 12)
(4, 11, 14)
(5, 9, 11)
(7, 10, 12)
(6, 7, 11)
(6, 10, 14)
(3, 9, 12)
(3, 10, 11)
(5, 7, 14)

Sylvester Gallai design 41/119
(0, 1, 2)
(0, 3, 4)
(0, 5, 6)
(0, 7, 8)
(0, 9, 10)
(0, 11, 12)
(0, 13, 14)
(1, 3, 5)
(1, 4, 6)
(1, 7, 9)
(1, 8, 10)
(1, 11, 13)
(1, 12, 14)
(2, 3, 6)
(2, 4, 7)
(2, 5, 10)
(2, 8, 11)
(2, 9, 14)
(2, 12, 13)
(4, 10, 13)
(3, 7, 13)
(5, 8, 13)
(6, 9, 13)
(6, 8, 14)
(6, 10, 11)
(6, 7, 12)
(7, 10, 14)
(3, 11, 14)
(4, 5, 14)
(4, 9, 11)
(5, 7, 11)
(5, 9, 12)
(3, 8, 9)
(3, 10, 12)
(4, 8, 12)

Sylvester Gallai design 42/119
(0, 1, 2)
(0, 3, 4)
(0, 5, 6)
(0, 7, 8)
(0, 9, 10)
(0, 11, 12)
(0, 13, 14)
(1, 3, 5)
(1, 4, 6)
(1, 7, 9)
(1, 8, 10)
(1, 11, 13)
(1, 12, 14)
(2, 3, 6)
(2, 4, 7)
(2, 5, 10)
(2, 8, 11)
(2, 9, 14)
(2, 12, 13)
(4, 10, 13)
(3, 7, 13)
(5, 9, 13)
(6, 8, 13)
(6, 9, 12)
(7, 10, 12)
(3, 8, 12)
(4, 5, 12)
(5, 8, 14)
(5, 7, 11)
(6, 7, 14)
(6, 10, 11)
(3, 10, 14)
(4, 11, 14)
(3, 9, 11)
(4, 8, 9)

Sylvester Gallai design 43/119
(0, 1, 2)
(0, 3, 4)
(0, 5, 6)
(0, 7, 8)
(0, 9, 10)
(0, 11, 12)
(0, 13, 14)
(1, 3, 5)
(1, 4, 6)
(1, 7, 9)
(1, 8, 10)
(1, 11, 13)
(1, 12, 14)
(2, 3, 6)
(2, 4, 7)
(2, 5, 10)
(2, 8, 11)
(2, 9, 14)
(2, 12, 13)
(4, 10, 13)
(5, 7, 13)
(6, 9, 13)
(3, 8, 13)
(3, 9, 12)
(6, 8, 12)
(4, 5, 12)
(7, 10, 12)
(5, 8, 14)
(4, 11, 14)
(4, 8, 9)
(5, 9, 11)
(3, 10, 14)
(6, 7, 14)
(3, 7, 11)
(6, 10, 11)

Sylvester Gallai design 44/119
(0, 1, 2)
(0, 3, 4)
(0, 5, 6)
(0, 7, 8)
(0, 9, 10)
(0, 11, 12)
(0, 13, 14)
(1, 3, 5)
(1, 4, 6)
(1, 7, 9)
(1, 8, 10)
(1, 11, 13)
(1, 12, 14)
(2, 3, 6)
(2, 4, 7)
(2, 5, 10)
(2, 8, 11)
(2, 9, 14)
(2, 12, 13)
(4, 10, 13)
(5, 7, 13)
(6, 9, 13)
(3, 8, 13)
(3, 9, 12)
(6, 8, 12)
(4, 5, 12)
(7, 10, 12)
(5, 8, 14)
(4, 11, 14)
(4, 8, 9)
(5, 9, 11)
(6, 10, 14)
(3, 10, 11)
(6, 7, 11)
(3, 7, 14)

Sylvester Gallai design 45/119
(0, 1, 2)
(0, 3, 4)
(0, 5, 6)
(0, 7, 8)
(0, 9, 10)
(0, 11, 12)
(0, 13, 14)
(1, 3, 5)
(1, 4, 6)
(1, 7, 9)
(1, 8, 10)
(1, 11, 13)
(1, 12, 14)
(2, 3, 6)
(2, 4, 7)
(2, 5, 10)
(2, 8, 11)
(2, 9, 14)
(2, 12, 13)
(4, 10, 13)
(5, 7, 13)
(6, 9, 13)
(3, 8, 13)
(3, 9, 12)
(6, 8, 12)
(4, 5, 12)
(7, 10, 12)
(5, 11, 14)
(4, 9, 11)
(5, 8, 9)
(4, 8, 14)
(3, 7, 14)
(6, 7, 11)
(3, 10, 11)
(6, 10, 14)

Sylvester Gallai design 46/119
(0, 1, 2)
(0, 3, 4)
(0, 5, 6)
(0, 7, 8)
(0, 9, 10)
(0, 11, 12)
(0, 13, 14)
(1, 3, 5)
(1, 4, 6)
(1, 7, 9)
(1, 8, 10)
(1, 11, 13)
(1, 12, 14)
(2, 3, 6)
(2, 4, 7)
(2, 5, 10)
(2, 8, 11)
(2, 9, 14)
(2, 12, 13)
(4, 10, 13)
(5, 7, 13)
(6, 8, 13)
(3, 9, 13)
(3, 8, 12)
(6, 9, 12)
(7, 10, 12)
(4, 5, 12)
(5, 8, 14)
(5, 9, 11)
(4, 8, 9)
(4, 11, 14)
(3, 7, 11)
(3, 10, 14)
(6, 7, 14)
(6, 10, 11)

Sylvester Gallai design 47/119
(0, 1, 2)
(0, 3, 4)
(0, 5, 6)
(0, 7, 8)
(0, 9, 10)
(0, 11, 12)
(0, 13, 14)
(1, 3, 5)
(1, 4, 6)
(1, 7, 9)
(1, 8, 10)
(1, 11, 13)
(1, 12, 14)
(2, 3, 6)
(2, 4, 7)
(2, 5, 10)
(2, 8, 11)
(2, 9, 14)
(2, 12, 13)
(4, 10, 13)
(5, 7, 13)
(6, 8, 13)
(3, 9, 13)
(3, 8, 12)
(6, 9, 12)
(7, 10, 12)
(4, 5, 12)
(5, 11, 14)
(4, 8, 14)
(4, 9, 11)
(5, 8, 9)
(6, 7, 14)
(3, 7, 11)
(6, 10, 11)
(3, 10, 14)

Sylvester Gallai design 48/119
(0, 1, 2)
(0, 3, 4)
(0, 5, 6)
(0, 7, 8)
(0, 9, 10)
(0, 11, 12)
(0, 13, 14)
(1, 3, 5)
(1, 4, 6)
(1, 7, 9)
(1, 8, 10)
(1, 11, 13)
(1, 12, 14)
(2, 3, 6)
(2, 4, 7)
(2, 5, 10)
(2, 8, 11)
(2, 9, 14)
(2, 12, 13)
(4, 10, 14)
(4, 5, 11)
(5, 8, 14)
(5, 9, 12)
(4, 8, 12)
(4, 9, 13)
(5, 7, 13)
(6, 10, 13)
(6, 7, 12)
(3, 10, 12)
(6, 11, 14)
(3, 7, 14)
(3, 9, 11)
(7, 10, 11)
(6, 8, 9)
(3, 8, 13)

Sylvester Gallai design 49/119
(0, 1, 2)
(0, 3, 4)
(0, 5, 6)
(0, 7, 8)
(0, 9, 10)
(0, 11, 12)
(0, 13, 14)
(1, 3, 5)
(1, 4, 6)
(1, 7, 9)
(1, 8, 10)
(1, 11, 13)
(1, 12, 14)
(2, 3, 6)
(2, 4, 7)
(2, 5, 10)
(2, 11, 14)
(2, 12, 13)
(2, 8, 9)
(3, 8, 14)
(3, 9, 11)
(3, 7, 12)
(3, 10, 13)
(5, 7, 13)
(4, 8, 13)
(6, 9, 13)
(4, 5, 11)
(5, 8, 12)
(5, 9, 14)
(4, 9, 12)
(4, 10, 14)
(6, 8, 11)
(6, 10, 12)
(6, 7, 14)
(7, 10, 11)

Sylvester Gallai design 50/119
(0, 1, 2)
(0, 3, 4)
(0, 5, 6)
(0, 7, 8)
(0, 9, 10)
(0, 11, 12)
(0, 13, 14)
(1, 3, 5)
(1, 4, 6)
(1, 7, 9)
(1, 8, 10)
(1, 11, 13)
(1, 12, 14)
(2, 3, 6)
(2, 4, 7)
(2, 5, 10)
(2, 11, 14)
(2, 12, 13)
(2, 8, 9)
(3, 8, 14)
(3, 9, 11)
(3, 7, 12)
(3, 10, 13)
(6, 7, 13)
(7, 10, 14)
(6, 9, 14)
(4, 5, 14)
(5, 7, 11)
(4, 10, 11)
(6, 8, 11)
(6, 10, 12)
(5, 8, 13)
(4, 8, 12)
(5, 9, 12)
(4, 9, 13)

Sylvester Gallai design 51/119
(0, 1, 2)
(0, 3, 4)
(0, 5, 6)
(0, 7, 8)
(0, 9, 10)
(0, 11, 12)
(0, 13, 14)
(1, 3, 5)
(1, 4, 6)
(1, 7, 9)
(1, 8, 10)
(1, 11, 13)
(1, 12, 14)
(2, 3, 6)
(2, 4, 7)
(2, 5, 10)
(2, 11, 14)
(2, 12, 13)
(2, 8, 9)
(3, 8, 14)
(3, 9, 11)
(3, 10, 12)
(3, 7, 13)
(6, 10, 13)
(6, 7, 12)
(6, 9, 14)
(6, 8, 11)
(7, 10, 14)
(4, 10, 11)
(5, 7, 11)
(4, 5, 14)
(5, 9, 13)
(4, 8, 13)
(5, 8, 12)
(4, 9, 12)

Sylvester Gallai design 52/119
(0, 1, 2)
(0, 3, 4)
(0, 5, 6)
(0, 7, 8)
(0, 9, 10)
(0, 11, 12)
(0, 13, 14)
(1, 3, 5)
(1, 4, 6)
(1, 7, 9)
(1, 8, 10)
(1, 11, 13)
(1, 12, 14)
(2, 3, 6)
(2, 4, 7)
(2, 5, 10)
(2, 11, 14)
(2, 12, 13)
(2, 8, 9)
(3, 8, 14)
(3, 9, 11)
(3, 10, 12)
(3, 7, 13)
(6, 10, 13)
(6, 7, 12)
(6, 9, 14)
(6, 8, 11)
(5, 7, 14)
(4, 10, 14)
(7, 10, 11)
(4, 5, 11)
(4, 9, 12)
(5, 9, 13)
(4, 8, 13)
(5, 8, 12)

Sylvester Gallai design 53/119
(0, 1, 2)
(0, 3, 4)
(0, 5, 6)
(0, 7, 8)
(0, 9, 10)
(0, 11, 12)
(0, 13, 14)
(1, 3, 5)
(1, 4, 6)
(1, 7, 9)
(1, 8, 10)
(1, 11, 13)
(1, 12, 14)
(2, 3, 6)
(2, 4, 7)
(2, 5, 10)
(2, 11, 14)
(2, 12, 13)
(2, 8, 9)
(3, 8, 14)
(3, 9, 12)
(6, 8, 12)
(4, 5, 12)
(7, 10, 12)
(3, 7, 11)
(3, 10, 13)
(4, 10, 11)
(6, 9, 11)
(6, 7, 13)
(6, 10, 14)
(5, 7, 14)
(5, 9, 13)
(4, 9, 14)
(5, 8, 11)
(4, 8, 13)

Sylvester Gallai design 54/119
(0, 1, 2)
(0, 3, 4)
(0, 5, 6)
(0, 7, 8)
(0, 9, 10)
(0, 11, 12)
(0, 13, 14)
(1, 3, 5)
(1, 4, 6)
(1, 7, 9)
(1, 8, 10)
(1, 11, 13)
(1, 12, 14)
(2, 3, 6)
(2, 4, 7)
(2, 10, 11)
(2, 5, 14)
(2, 8, 13)
(2, 9, 12)
(3, 8, 12)
(3, 9, 11)
(3, 7, 13)
(3, 10, 14)
(7, 11, 14)
(6, 8, 11)
(4, 5, 11)
(5, 8, 9)
(4, 8, 14)
(4, 9, 13)
(4, 10, 12)
(6, 9, 14)
(5, 7, 10)
(5, 12, 13)
(6, 7, 12)
(6, 10, 13)

Sylvester Gallai design 55/119
(0, 1, 2)
(0, 3, 4)
(0, 5, 6)
(0, 7, 8)
(0, 9, 10)
(0, 11, 12)
(0, 13, 14)
(1, 3, 5)
(1, 4, 6)
(1, 7, 9)
(1, 8, 10)
(1, 11, 13)
(1, 12, 14)
(2, 3, 6)
(2, 4, 7)
(2, 10, 11)
(2, 5, 14)
(2, 8, 13)
(2, 9, 12)
(3, 8, 12)
(3, 9, 11)
(3, 7, 13)
(3, 10, 14)
(7, 11, 14)
(6, 8, 11)
(4, 5, 11)
(5, 8, 9)
(4, 8, 14)
(4, 9, 13)
(4, 10, 12)
(6, 9, 14)
(5, 7, 12)
(6, 12, 13)
(5, 10, 13)
(6, 7, 10)

Sylvester Gallai design 56/119
(0, 1, 2)
(0, 3, 4)
(0, 5, 6)
(0, 7, 8)
(0, 9, 10)
(0, 11, 12)
(0, 13, 14)
(1, 3, 5)
(1, 4, 6)
(1, 7, 9)
(1, 8, 10)
(1, 11, 13)
(1, 12, 14)
(2, 3, 6)
(2, 4, 7)
(2, 10, 11)
(2, 5, 14)
(2, 8, 13)
(2, 9, 12)
(5, 8, 12)
(4, 12, 13)
(4, 10, 14)
(6, 7, 12)
(3, 10, 12)
(6, 10, 13)
(5, 7, 10)
(3, 7, 13)
(7, 11, 14)
(5, 9, 13)
(4, 5, 11)
(4, 8, 9)
(6, 9, 11)
(3, 8, 11)
(3, 9, 14)
(6, 8, 14)

Sylvester Gallai design 57/119
(0, 1, 2)
(0, 3, 4)
(0, 5, 6)
(0, 7, 8)
(0, 9, 10)
(0, 11, 12)
(0, 13, 14)
(1, 3, 5)
(1, 4, 6)
(1, 7, 9)
(1, 8, 10)
(1, 11, 13)
(1, 12, 14)
(2, 3, 6)
(2, 4, 7)
(2, 10, 11)
(2, 5, 14)
(2, 8, 13)
(2, 9, 12)
(5, 8, 12)
(4, 12, 13)
(4, 10, 14)
(6, 10, 12)
(3, 7, 12)
(3, 10, 13)
(5, 7, 10)
(5, 9, 13)
(4, 5, 11)
(4, 8, 9)
(6, 7, 13)
(7, 11, 14)
(3, 8, 14)
(6, 9, 14)
(6, 8, 11)
(3, 9, 11)

Sylvester Gallai design 58/119
(0, 1, 2)
(0, 3, 4)
(0, 5, 6)
(0, 7, 8)
(0, 9, 10)
(0, 11, 12)
(0, 13, 14)
(1, 3, 5)
(1, 4, 6)
(1, 7, 9)
(1, 8, 10)
(1, 11, 13)
(1, 12, 14)
(2, 3, 6)
(2, 4, 7)
(2, 10, 11)
(2, 5, 14)
(2, 9, 13)
(2, 8, 12)
(3, 8, 13)
(3, 9, 11)
(3, 7, 12)
(3, 10, 14)
(7, 11, 14)
(6, 8, 11)
(4, 5, 11)
(5, 8, 9)
(4, 8, 14)
(4, 9, 12)
(4, 10, 13)
(6, 9, 14)
(5, 7, 10)
(5, 12, 13)
(6, 7, 13)
(6, 10, 12)

Sylvester Gallai design 59/119
(0, 1, 2)
(0, 3, 4)
(0, 5, 6)
(0, 7, 8)
(0, 9, 10)
(0, 11, 12)
(0, 13, 14)
(1, 3, 5)
(1, 4, 6)
(1, 7, 9)
(1, 8, 10)
(1, 11, 13)
(1, 12, 14)
(2, 3, 6)
(2, 4, 7)
(2, 10, 11)
(2, 5, 14)
(2, 9, 13)
(2, 8, 12)
(3, 8, 13)
(3, 9, 11)
(3, 7, 12)
(3, 10, 14)
(7, 11, 14)
(6, 8, 11)
(4, 5, 11)
(5, 8, 9)
(4, 8, 14)
(4, 9, 12)
(4, 10, 13)
(6, 9, 14)
(5, 7, 13)
(6, 12, 13)
(5, 10, 12)
(6, 7, 10)

Sylvester Gallai design 60/119
(0, 1, 2)
(0, 3, 4)
(0, 5, 6)
(0, 7, 8)
(0, 9, 10)
(0, 11, 12)
(0, 13, 14)
(1, 3, 5)
(1, 4, 6)
(1, 7, 9)
(1, 8, 10)
(1, 11, 13)
(1, 12, 14)
(2, 3, 6)
(2, 4, 7)
(2, 10, 11)
(2, 5, 14)
(2, 9, 13)
(2, 8, 12)
(3, 8, 13)
(3, 9, 14)
(3, 7, 11)
(3, 10, 12)
(7, 10, 14)
(6, 10, 13)
(4, 5, 10)
(4, 12, 13)
(5, 7, 13)
(6, 7, 12)
(5, 9, 12)
(5, 8, 11)
(4, 8, 14)
(4, 9, 11)
(6, 8, 9)
(6, 11, 14)

Sylvester Gallai design 61/119
(0, 1, 2)
(0, 3, 4)
(0, 5, 6)
(0, 7, 8)
(0, 9, 10)
(0, 11, 12)
(0, 13, 14)
(1, 3, 5)
(1, 4, 6)
(1, 7, 9)
(1, 8, 10)
(1, 11, 13)
(1, 12, 14)
(2, 3, 6)
(2, 4, 7)
(2, 10, 11)
(2, 5, 14)
(2, 9, 13)
(2, 8, 12)
(5, 8, 13)
(4, 12, 13)
(4, 10, 14)
(4, 8, 9)
(4, 5, 11)
(5, 9, 12)
(5, 7, 10)
(3, 7, 13)
(6, 10, 13)
(3, 10, 12)
(6, 7, 12)
(7, 11, 14)
(6, 9, 14)
(3, 8, 14)
(6, 8, 11)
(3, 9, 11)

Sylvester Gallai design 62/119
(0, 1, 2)
(0, 3, 4)
(0, 5, 6)
(0, 7, 8)
(0, 9, 10)
(0, 11, 12)
(0, 13, 14)
(1, 3, 5)
(1, 4, 6)
(1, 7, 9)
(1, 8, 10)
(1, 11, 13)
(1, 12, 14)
(2, 3, 6)
(2, 4, 7)
(2, 10, 11)
(2, 5, 14)
(2, 9, 13)
(2, 8, 12)
(5, 8, 13)
(4, 12, 13)
(4, 5, 10)
(5, 7, 11)
(5, 9, 12)
(3, 7, 13)
(6, 10, 13)
(6, 7, 12)
(3, 10, 12)
(7, 10, 14)
(3, 8, 11)
(3, 9, 14)
(4, 8, 14)
(6, 11, 14)
(6, 8, 9)
(4, 9, 11)

Sylvester Gallai design 63/119
(0, 1, 2)
(0, 3, 4)
(0, 5, 6)
(0, 7, 8)
(0, 9, 10)
(0, 11, 12)
(0, 13, 14)
(1, 3, 5)
(1, 4, 6)
(1, 7, 9)
(1, 8, 10)
(1, 11, 13)
(1, 12, 14)
(2, 3, 6)
(2, 4, 7)
(2, 10, 11)
(2, 5, 14)
(2, 12, 13)
(2, 8, 9)
(3, 8, 11)
(6, 8, 14)
(6, 9, 11)
(3, 9, 14)
(7, 10, 14)
(4, 11, 14)
(5, 7, 11)
(3, 7, 12)
(3, 10, 13)
(6, 10, 12)
(6, 7, 13)
(4, 5, 10)
(5, 9, 12)
(4, 8, 12)
(4, 9, 13)
(5, 8, 13)

Sylvester Gallai design 64/119
(0, 1, 2)
(0, 3, 4)
(0, 5, 6)
(0, 7, 8)
(0, 9, 10)
(0, 11, 12)
(0, 13, 14)
(1, 3, 5)
(1, 4, 6)
(1, 7, 9)
(1, 8, 10)
(1, 11, 13)
(1, 12, 14)
(2, 3, 6)
(2, 4, 7)
(2, 10, 11)
(2, 8, 14)
(2, 5, 13)
(2, 9, 12)
(3, 8, 9)
(4, 9, 13)
(5, 9, 14)
(6, 9, 11)
(4, 11, 14)
(3, 7, 11)
(3, 10, 14)
(6, 7, 14)
(3, 12, 13)
(7, 10, 13)
(5, 7, 12)
(6, 8, 13)
(6, 10, 12)
(4, 5, 10)
(4, 8, 12)
(5, 8, 11)

Sylvester Gallai design 65/119
(0, 1, 2)
(0, 3, 4)
(0, 5, 6)
(0, 7, 8)
(0, 9, 10)
(0, 11, 12)
(0, 13, 14)
(1, 3, 5)
(1, 4, 6)
(1, 7, 9)
(1, 8, 10)
(1, 11, 13)
(1, 12, 14)
(2, 3, 6)
(2, 4, 7)
(2, 10, 11)
(2, 8, 14)
(2, 9, 13)
(2, 5, 12)
(3, 8, 9)
(4, 9, 12)
(5, 9, 14)
(6, 9, 11)
(4, 11, 14)
(3, 7, 11)
(3, 10, 14)
(6, 7, 14)
(3, 12, 13)
(7, 10, 12)
(5, 7, 13)
(6, 8, 12)
(6, 10, 13)
(4, 5, 10)
(4, 8, 13)
(5, 8, 11)

Sylvester Gallai design 66/119
(0, 1, 2)
(0, 3, 4)
(0, 5, 6)
(0, 7, 8)
(0, 9, 10)
(0, 11, 12)
(0, 13, 14)
(1, 3, 5)
(1, 4, 6)
(1, 7, 9)
(1, 8, 10)
(1, 11, 13)
(1, 12, 14)
(2, 3, 6)
(2, 4, 7)
(2, 10, 11)
(2, 8, 14)
(2, 9, 13)
(2, 5, 12)
(3, 8, 12)
(6, 9, 12)
(6, 8, 13)
(3, 9, 11)
(4, 9, 14)
(5, 8, 9)
(4, 8, 11)
(4, 5, 13)
(4, 10, 12)
(7, 12, 13)
(3, 10, 13)
(3, 7, 14)
(6, 7, 10)
(5, 7, 11)
(5, 10, 14)
(6, 11, 14)

Sylvester Gallai design 67/119
(0, 1, 2)
(0, 3, 4)
(0, 5, 6)
(0, 7, 8)
(0, 9, 10)
(0, 11, 12)
(0, 13, 14)
(1, 3, 5)
(1, 4, 6)
(1, 7, 9)
(1, 8, 10)
(1, 11, 13)
(1, 12, 14)
(2, 3, 6)
(2, 7, 10)
(2, 12, 13)
(2, 11, 14)
(2, 8, 9)
(2, 4, 5)
(3, 7, 11)
(3, 8, 12)
(3, 9, 13)
(3, 10, 14)
(4, 7, 12)
(4, 9, 14)
(5, 7, 13)
(6, 7, 14)
(5, 8, 14)
(6, 8, 13)
(4, 8, 11)
(4, 10, 13)
(6, 10, 11)
(5, 10, 12)
(6, 9, 12)
(5, 9, 11)

Sylvester Gallai design 68/119
(0, 1, 2)
(0, 3, 4)
(0, 5, 6)
(0, 7, 8)
(0, 9, 10)
(0, 11, 12)
(0, 13, 14)
(1, 3, 5)
(1, 4, 6)
(1, 7, 9)
(1, 8, 10)
(1, 11, 13)
(1, 12, 14)
(2, 3, 6)
(2, 7, 10)
(2, 12, 13)
(2, 11, 14)
(2, 8, 9)
(2, 4, 5)
(3, 7, 11)
(3, 8, 12)
(3, 9, 14)
(3, 10, 13)
(4, 7, 13)
(4, 9, 12)
(5, 10, 12)
(6, 7, 12)
(5, 7, 14)
(6, 10, 14)
(4, 8, 14)
(4, 10, 11)
(6, 8, 13)
(5, 8, 11)
(6, 9, 11)
(5, 9, 13)

Sylvester Gallai design 69/119
(0, 1, 2)
(0, 3, 4)
(0, 5, 6)
(0, 7, 8)
(0, 9, 10)
(0, 11, 12)
(0, 13, 14)
(1, 3, 5)
(1, 4, 6)
(1, 7, 9)
(1, 8, 10)
(1, 11, 13)
(1, 12, 14)
(2, 3, 6)
(2, 7, 10)
(2, 12, 13)
(2, 11, 14)
(2, 8, 9)
(2, 4, 5)
(3, 7, 11)
(3, 8, 13)
(3, 10, 12)
(3, 9, 14)
(6, 10, 14)
(5, 8, 14)
(4, 7, 14)
(6, 7, 13)
(5, 7, 12)
(4, 10, 13)
(5, 10, 11)
(5, 9, 13)
(4, 9, 11)
(6, 8, 11)
(4, 8, 12)
(6, 9, 12)

Sylvester Gallai design 70/119
(0, 1, 2)
(0, 3, 4)
(0, 5, 6)
(0, 7, 8)
(0, 9, 10)
(0, 11, 12)
(0, 13, 14)
(1, 3, 5)
(1, 4, 6)
(1, 7, 9)
(1, 8, 10)
(1, 11, 13)
(1, 12, 14)
(2, 3, 6)
(2, 7, 11)
(2, 8, 14)
(2, 9, 12)
(2, 10, 13)
(2, 4, 5)
(3, 7, 10)
(3, 8, 12)
(3, 9, 13)
(3, 11, 14)
(4, 10, 11)
(4, 8, 9)
(4, 7, 14)
(4, 12, 13)
(5, 7, 12)
(5, 10, 14)
(5, 9, 11)
(5, 8, 13)
(6, 7, 13)
(6, 8, 11)
(6, 9, 14)
(6, 10, 12)

Sylvester Gallai design 71/119
(0, 1, 2)
(0, 3, 4)
(0, 5, 6)
(0, 7, 8)
(0, 9, 10)
(0, 11, 12)
(0, 13, 14)
(1, 3, 5)
(1, 4, 6)
(1, 7, 9)
(1, 8, 10)
(1, 11, 13)
(1, 12, 14)
(2, 3, 6)
(2, 7, 11)
(2, 10, 14)
(2, 8, 13)
(2, 9, 12)
(2, 4, 5)
(3, 7, 14)
(3, 8, 11)
(3, 9, 13)
(3, 10, 12)
(6, 8, 12)
(4, 7, 12)
(4, 10, 13)
(6, 7, 13)
(6, 10, 11)
(6, 9, 14)
(5, 7, 10)
(5, 12, 13)
(4, 11, 14)
(4, 8, 9)
(5, 8, 14)
(5, 9, 11)

Sylvester Gallai design 72/119
(0, 1, 2)
(0, 3, 4)
(0, 5, 6)
(0, 7, 8)
(0, 9, 10)
(0, 11, 12)
(0, 13, 14)
(1, 3, 5)
(1, 4, 6)
(1, 7, 9)
(1, 8, 10)
(1, 11, 13)
(1, 12, 14)
(2, 3, 7)
(2, 4, 10)
(2, 5, 14)
(2, 6, 11)
(2, 9, 12)
(2, 8, 13)
(3, 8, 12)
(6, 8, 9)
(5, 8, 11)
(4, 8, 14)
(4, 9, 11)
(5, 9, 13)
(3, 9, 14)
(3, 10, 11)
(7, 11, 14)
(6, 10, 14)
(3, 6, 13)
(6, 7, 12)
(4, 12, 13)
(7, 10, 13)
(4, 5, 7)
(5, 10, 12)

Sylvester Gallai design 73/119
(0, 1, 2)
(0, 3, 4)
(0, 5, 6)
(0, 7, 8)
(0, 9, 10)
(0, 11, 12)
(0, 13, 14)
(1, 3, 5)
(1, 4, 6)
(1, 7, 9)
(1, 8, 10)
(1, 11, 13)
(1, 12, 14)
(2, 3, 7)
(2, 4, 10)
(2, 5, 14)
(2, 6, 11)
(2, 9, 12)
(2, 8, 13)
(3, 8, 12)
(6, 8, 9)
(5, 8, 11)
(4, 8, 14)
(4, 9, 11)
(5, 9, 13)
(3, 9, 14)
(3, 10, 11)
(7, 11, 14)
(6, 10, 14)
(3, 6, 13)
(6, 7, 12)
(10, 12, 13)
(4, 5, 12)
(5, 7, 10)
(4, 7, 13)

Sylvester Gallai design 74/119
(0, 1, 2)
(0, 3, 4)
(0, 5, 6)
(0, 7, 8)
(0, 9, 10)
(0, 11, 12)
(0, 13, 14)
(1, 3, 5)
(1, 4, 6)
(1, 7, 9)
(1, 8, 10)
(1, 11, 13)
(1, 12, 14)
(2, 3, 7)
(2, 4, 10)
(2, 5, 14)
(2, 6, 11)
(2, 9, 12)
(2, 8, 13)
(3, 8, 12)
(6, 8, 9)
(5, 8, 11)
(4, 8, 14)
(4, 7, 11)
(4, 12, 13)
(4, 5, 9)
(3, 9, 13)
(9, 11, 14)
(3, 10, 11)
(3, 6, 14)
(7, 10, 14)
(5, 7, 13)
(5, 10, 12)
(6, 10, 13)
(6, 7, 12)

Sylvester Gallai design 75/119
(0, 1, 2)
(0, 3, 4)
(0, 5, 6)
(0, 7, 8)
(0, 9, 10)
(0, 11, 12)
(0, 13, 14)
(1, 3, 5)
(1, 4, 6)
(1, 7, 9)
(1, 8, 10)
(1, 11, 13)
(1, 12, 14)
(2, 3, 7)
(2, 4, 10)
(2, 5, 14)
(2, 6, 11)
(2, 9, 12)
(2, 8, 13)
(3, 8, 12)
(6, 8, 9)
(4, 5, 8)
(8, 11, 14)
(3, 9, 11)
(4, 9, 14)
(5, 9, 13)
(4, 7, 11)
(5, 10, 11)
(5, 7, 12)
(4, 12, 13)
(6, 10, 12)
(7, 10, 13)
(3, 6, 13)
(6, 7, 14)
(3, 10, 14)

Sylvester Gallai design 76/119
(0, 1, 2)
(0, 3, 4)
(0, 5, 6)
(0, 7, 8)
(0, 9, 10)
(0, 11, 12)
(0, 13, 14)
(1, 3, 5)
(1, 4, 6)
(1, 7, 9)
(1, 8, 10)
(1, 11, 13)
(1, 12, 14)
(2, 3, 7)
(2, 4, 10)
(2, 5, 14)
(2, 6, 11)
(2, 9, 12)
(2, 8, 13)
(3, 8, 12)
(6, 8, 9)
(4, 5, 8)
(8, 11, 14)
(3, 10, 11)
(3, 6, 14)
(7, 10, 14)
(3, 9, 13)
(5, 9, 11)
(4, 7, 11)
(4, 12, 13)
(4, 9, 14)
(5, 7, 13)
(6, 10, 13)
(6, 7, 12)
(5, 10, 12)

Sylvester Gallai design 77/119
(0, 1, 2)
(0, 3, 4)
(0, 5, 6)
(0, 7, 8)
(0, 9, 10)
(0, 11, 12)
(0, 13, 14)
(1, 3, 5)
(1, 4, 6)
(1, 7, 9)
(1, 8, 10)
(1, 11, 13)
(1, 12, 14)
(2, 3, 7)
(2, 4, 10)
(2, 5, 14)
(2, 6, 11)
(2, 9, 12)
(2, 8, 13)
(3, 8, 12)
(6, 8, 9)
(4, 5, 8)
(8, 11, 14)
(3, 10, 11)
(3, 6, 14)
(7, 10, 14)
(3, 9, 13)
(5, 9, 11)
(4, 7, 11)
(4, 12, 13)
(4, 9, 14)
(6, 7, 13)
(5, 7, 12)
(6, 10, 12)
(5, 10, 13)

Sylvester Gallai design 78/119
(0, 1, 2)
(0, 3, 4)
(0, 5, 6)
(0, 7, 8)
(0, 9, 10)
(0, 11, 12)
(0, 13, 14)
(1, 3, 5)
(1, 4, 6)
(1, 7, 9)
(1, 8, 10)
(1, 11, 13)
(1, 12, 14)
(2, 3, 7)
(2, 4, 10)
(2, 5, 14)
(2, 6, 11)
(2, 9, 12)
(2, 8, 13)
(5, 8, 12)
(4, 7, 12)
(4, 5, 13)
(5, 9, 11)
(5, 7, 10)
(6, 7, 13)
(7, 11, 14)
(4, 8, 11)
(3, 10, 11)
(6, 10, 14)
(10, 12, 13)
(3, 6, 12)
(4, 9, 14)
(3, 8, 14)
(6, 8, 9)
(3, 9, 13)

Sylvester Gallai design 79/119
(0, 1, 2)
(0, 3, 4)
(0, 5, 6)
(0, 7, 8)
(0, 9, 10)
(0, 11, 12)
(0, 13, 14)
(1, 3, 5)
(1, 4, 6)
(1, 7, 9)
(1, 8, 10)
(1, 11, 13)
(1, 12, 14)
(2, 3, 7)
(2, 4, 10)
(2, 5, 14)
(2, 6, 11)
(2, 9, 12)
(2, 8, 13)
(5, 8, 12)
(4, 12, 13)
(3, 6, 12)
(7, 10, 12)
(3, 9, 13)
(5, 10, 13)
(6, 10, 14)
(6, 8, 9)
(3, 10, 11)
(3, 8, 14)
(4, 8, 11)
(6, 7, 13)
(4, 9, 14)
(7, 11, 14)
(4, 5, 7)
(5, 9, 11)

Sylvester Gallai design 80/119
(0, 1, 2)
(0, 3, 4)
(0, 5, 6)
(0, 7, 8)
(0, 9, 10)
(0, 11, 12)
(0, 13, 14)
(1, 3, 5)
(1, 4, 6)
(1, 7, 9)
(1, 8, 10)
(1, 11, 13)
(1, 12, 14)
(2, 3, 7)
(2, 4, 10)
(2, 5, 14)
(2, 6, 11)
(2, 9, 13)
(2, 8, 12)
(3, 8, 13)
(6, 8, 9)
(5, 8, 11)
(4, 8, 14)
(4, 9, 11)
(5, 9, 12)
(3, 9, 14)
(3, 10, 11)
(7, 11, 14)
(6, 10, 14)
(3, 6, 12)
(6, 7, 13)
(5, 10, 13)
(7, 10, 12)
(4, 5, 7)
(4, 12, 13)

Sylvester Gallai design 81/119
(0, 1, 2)
(0, 3, 4)
(0, 5, 6)
(0, 7, 8)
(0, 9, 10)
(0, 11, 12)
(0, 13, 14)
(1, 3, 5)
(1, 4, 6)
(1, 7, 9)
(1, 8, 10)
(1, 11, 13)
(1, 12, 14)
(2, 3, 7)
(2, 4, 10)
(2, 5, 14)
(2, 6, 11)
(2, 9, 13)
(2, 8, 12)
(3, 8, 13)
(6, 8, 9)
(5, 8, 11)
(4, 8, 14)
(4, 7, 11)
(4, 12, 13)
(4, 5, 9)
(3, 9, 12)
(9, 11, 14)
(3, 10, 11)
(3, 6, 14)
(7, 10, 14)
(5, 7, 12)
(6, 10, 12)
(5, 10, 13)
(6, 7, 13)

Sylvester Gallai design 82/119
(0, 1, 2)
(0, 3, 4)
(0, 5, 6)
(0, 7, 8)
(0, 9, 10)
(0, 11, 12)
(0, 13, 14)
(1, 3, 5)
(1, 4, 6)
(1, 7, 9)
(1, 8, 10)
(1, 11, 13)
(1, 12, 14)
(2, 3, 7)
(2, 4, 10)
(2, 5, 14)
(2, 6, 11)
(2, 9, 13)
(2, 8, 12)
(3, 8, 13)
(6, 8, 9)
(4, 5, 8)
(8, 11, 14)
(3, 9, 11)
(4, 9, 14)
(5, 9, 12)
(4, 7, 11)
(5, 10, 11)
(5, 7, 13)
(4, 12, 13)
(6, 10, 13)
(7, 10, 12)
(3, 6, 12)
(6, 7, 14)
(3, 10, 14)

Sylvester Gallai design 83/119
(0, 1, 2)
(0, 3, 4)
(0, 5, 6)
(0, 7, 8)
(0, 9, 10)
(0, 11, 12)
(0, 13, 14)
(1, 3, 5)
(1, 4, 6)
(1, 7, 9)
(1, 8, 10)
(1, 11, 13)
(1, 12, 14)
(2, 3, 7)
(2, 4, 10)
(2, 5, 14)
(2, 6, 11)
(2, 9, 13)
(2, 8, 12)
(3, 8, 13)
(6, 8, 9)
(4, 5, 8)
(8, 11, 14)
(3, 9, 11)
(4, 9, 14)
(5, 9, 12)
(4, 7, 11)
(5, 10, 11)
(5, 7, 13)
(4, 12, 13)
(6, 10, 13)
(3, 10, 12)
(7, 10, 14)
(3, 6, 14)
(6, 7, 12)

Sylvester Gallai design 84/119
(0, 1, 2)
(0, 3, 4)
(0, 5, 6)
(0, 7, 8)
(0, 9, 10)
(0, 11, 12)
(0, 13, 14)
(1, 3, 5)
(1, 4, 6)
(1, 7, 9)
(1, 8, 10)
(1, 11, 13)
(1, 12, 14)
(2, 3, 7)
(2, 4, 10)
(2, 5, 14)
(2, 6, 11)
(2, 9, 13)
(2, 8, 12)
(3, 8, 13)
(6, 8, 14)
(3, 6, 9)
(3, 10, 12)
(3, 11, 14)
(7, 10, 14)
(6, 10, 13)
(6, 7, 12)
(5, 10, 11)
(4, 7, 11)
(5, 7, 13)
(8, 9, 11)
(4, 12, 13)
(5, 9, 12)
(4, 9, 14)
(4, 5, 8)

Sylvester Gallai design 85/119
(0, 1, 2)
(0, 3, 4)
(0, 5, 6)
(0, 7, 8)
(0, 9, 10)
(0, 11, 12)
(0, 13, 14)
(1, 3, 5)
(1, 4, 6)
(1, 7, 9)
(1, 8, 10)
(1, 11, 13)
(1, 12, 14)
(2, 3, 7)
(2, 4, 10)
(2, 5, 14)
(2, 8, 11)
(2, 6, 12)
(2, 9, 13)
(3, 8, 12)
(3, 10, 13)
(6, 7, 13)
(6, 10, 14)
(6, 8, 9)
(4, 8, 14)
(5, 8, 13)
(3, 6, 11)
(3, 9, 14)
(4, 12, 13)
(5, 9, 12)
(7, 10, 12)
(4, 9, 11)
(4, 5, 7)
(7, 11, 14)
(5, 10, 11)

Sylvester Gallai design 86/119
(0, 1, 2)
(0, 3, 4)
(0, 5, 6)
(0, 7, 8)
(0, 9, 10)
(0, 11, 12)
(0, 13, 14)
(1, 3, 5)
(1, 4, 6)
(1, 7, 9)
(1, 8, 10)
(1, 11, 13)
(1, 12, 14)
(2, 3, 7)
(2, 4, 10)
(2, 5, 14)
(2, 8, 11)
(2, 6, 12)
(2, 9, 13)
(3, 8, 12)
(3, 10, 13)
(6, 8, 13)
(7, 10, 12)
(5, 10, 11)
(6, 10, 14)
(6, 7, 11)
(4, 7, 14)
(5, 7, 13)
(4, 9, 11)
(3, 11, 14)
(5, 9, 12)
(4, 5, 8)
(4, 12, 13)
(8, 9, 14)
(3, 6, 9)

Sylvester Gallai design 87/119
(0, 1, 2)
(0, 3, 4)
(0, 5, 6)
(0, 7, 8)
(0, 9, 10)
(0, 11, 12)
(0, 13, 14)
(1, 3, 5)
(1, 4, 6)
(1, 7, 9)
(1, 8, 10)
(1, 11, 13)
(1, 12, 14)
(2, 3, 7)
(2, 4, 10)
(2, 5, 14)
(2, 8, 11)
(2, 6, 12)
(2, 9, 13)
(3, 9, 12)
(5, 8, 9)
(6, 9, 14)
(4, 9, 11)
(4, 8, 14)
(8, 12, 13)
(3, 6, 8)
(3, 10, 13)
(6, 7, 13)
(4, 5, 13)
(4, 7, 12)
(5, 10, 12)
(5, 7, 11)
(7, 10, 14)
(6, 10, 11)
(3, 11, 14)

Sylvester Gallai design 88/119
(0, 1, 2)
(0, 3, 4)
(0, 5, 6)
(0, 7, 8)
(0, 9, 10)
(0, 11, 12)
(0, 13, 14)
(1, 3, 5)
(1, 4, 6)
(1, 7, 9)
(1, 8, 10)
(1, 11, 13)
(1, 12, 14)
(2, 3, 7)
(2, 4, 10)
(2, 5, 14)
(2, 8, 11)
(2, 6, 12)
(2, 9, 13)
(3, 9, 12)
(5, 8, 9)
(6, 9, 14)
(4, 9, 11)
(3, 8, 14)
(6, 8, 13)
(3, 10, 13)
(3, 6, 11)
(6, 7, 10)
(10, 11, 14)
(4, 7, 14)
(5, 7, 11)
(5, 10, 12)
(7, 12, 13)
(4, 8, 12)
(4, 5, 13)

Sylvester Gallai design 89/119
(0, 1, 2)
(0, 3, 4)
(0, 5, 6)
(0, 7, 8)
(0, 9, 10)
(0, 11, 12)
(0, 13, 14)
(1, 3, 5)
(1, 4, 6)
(1, 7, 9)
(1, 8, 10)
(1, 11, 13)
(1, 12, 14)
(2, 3, 7)
(2, 4, 10)
(2, 5, 14)
(2, 8, 11)
(2, 9, 12)
(2, 6, 13)
(3, 8, 13)
(3, 10, 12)
(6, 7, 12)
(6, 10, 14)
(6, 8, 9)
(4, 8, 14)
(5, 8, 12)
(3, 6, 11)
(3, 9, 14)
(4, 12, 13)
(5, 9, 13)
(7, 10, 13)
(4, 9, 11)
(4, 5, 7)
(7, 11, 14)
(5, 10, 11)

Sylvester Gallai design 90/119
(0, 1, 2)
(0, 3, 4)
(0, 5, 6)
(0, 7, 8)
(0, 9, 10)
(0, 11, 12)
(0, 13, 14)
(1, 3, 5)
(1, 4, 6)
(1, 7, 9)
(1, 8, 10)
(1, 11, 13)
(1, 12, 14)
(2, 3, 7)
(2, 4, 10)
(2, 5, 14)
(2, 8, 11)
(2, 9, 12)
(2, 6, 13)
(3, 8, 13)
(3, 10, 12)
(6, 8, 12)
(7, 10, 13)
(5, 10, 11)
(6, 10, 14)
(6, 7, 11)
(4, 7, 14)
(5, 7, 12)
(4, 9, 11)
(3, 11, 14)
(5, 9, 13)
(4, 5, 8)
(4, 12, 13)
(8, 9, 14)
(3, 6, 9)

Sylvester Gallai design 91/119
(0, 1, 2)
(0, 3, 4)
(0, 5, 6)
(0, 7, 8)
(0, 9, 10)
(0, 11, 12)
(0, 13, 14)
(1, 3, 5)
(1, 4, 6)
(1, 7, 9)
(1, 8, 10)
(1, 11, 13)
(1, 12, 14)
(2, 3, 7)
(2, 4, 10)
(2, 5, 14)
(2, 9, 11)
(2, 6, 13)
(2, 8, 12)
(3, 8, 13)
(3, 6, 9)
(3, 10, 12)
(3, 11, 14)
(6, 7, 12)
(6, 8, 14)
(4, 9, 14)
(5, 8, 9)
(9, 12, 13)
(4, 5, 12)
(4, 7, 13)
(5, 10, 13)
(5, 7, 11)
(7, 10, 14)
(6, 10, 11)
(4, 8, 11)

Sylvester Gallai design 92/119
(0, 1, 2)
(0, 3, 4)
(0, 5, 6)
(0, 7, 8)
(0, 9, 10)
(0, 11, 12)
(0, 13, 14)
(1, 3, 5)
(1, 4, 6)
(1, 7, 9)
(1, 8, 10)
(1, 11, 13)
(1, 12, 14)
(2, 3, 7)
(2, 4, 10)
(2, 5, 14)
(2, 9, 11)
(2, 6, 13)
(2, 8, 12)
(3, 8, 13)
(3, 9, 14)
(6, 9, 12)
(3, 10, 12)
(3, 6, 11)
(6, 8, 14)
(6, 7, 10)
(10, 11, 14)
(4, 7, 14)
(5, 7, 11)
(4, 8, 11)
(5, 8, 9)
(4, 9, 13)
(5, 10, 13)
(4, 5, 12)
(7, 12, 13)

Sylvester Gallai design 93/119
(0, 1, 2)
(0, 3, 4)
(0, 5, 6)
(0, 7, 8)
(0, 9, 10)
(0, 11, 12)
(0, 13, 14)
(1, 3, 5)
(1, 4, 6)
(1, 7, 9)
(1, 8, 10)
(1, 11, 13)
(1, 12, 14)
(2, 3, 7)
(2, 6, 10)
(2, 4, 14)
(2, 5, 11)
(2, 8, 13)
(2, 9, 12)
(3, 10, 11)
(7, 10, 14)
(4, 7, 11)
(5, 7, 13)
(6, 7, 12)
(3, 12, 13)
(6, 9, 13)
(4, 10, 13)
(5, 10, 12)
(4, 8, 12)
(4, 5, 9)
(5, 8, 14)
(3, 9, 14)
(6, 11, 14)
(8, 9, 11)
(3, 6, 8)

Sylvester Gallai design 94/119
(0, 1, 2)
(0, 3, 4)
(0, 5, 6)
(0, 7, 8)
(0, 9, 10)
(0, 11, 12)
(0, 13, 14)
(1, 3, 5)
(1, 4, 6)
(1, 7, 9)
(1, 8, 10)
(1, 11, 13)
(1, 12, 14)
(2, 3, 7)
(2, 6, 10)
(2, 4, 14)
(2, 5, 11)
(2, 8, 13)
(2, 9, 12)
(3, 10, 11)
(7, 10, 14)
(4, 7, 11)
(5, 7, 12)
(6, 7, 13)
(3, 12, 13)
(4, 10, 12)
(5, 10, 13)
(4, 9, 13)
(4, 5, 8)
(6, 8, 12)
(5, 9, 14)
(3, 6, 9)
(8, 9, 11)
(6, 11, 14)
(3, 8, 14)

Sylvester Gallai design 95/119
(0, 1, 2)
(0, 3, 4)
(0, 5, 6)
(0, 7, 8)
(0, 9, 10)
(0, 11, 12)
(0, 13, 14)
(1, 3, 5)
(1, 4, 6)
(1, 7, 9)
(1, 8, 10)
(1, 11, 13)
(1, 12, 14)
(2, 3, 7)
(2, 10, 11)
(2, 6, 14)
(2, 4, 8)
(2, 5, 13)
(2, 9, 12)
(3, 6, 10)
(3, 8, 12)
(3, 9, 13)
(3, 11, 14)
(6, 8, 13)
(6, 9, 11)
(6, 7, 12)
(5, 8, 11)
(4, 7, 11)
(7, 10, 13)
(4, 12, 13)
(5, 7, 14)
(4, 5, 9)
(4, 10, 14)
(5, 10, 12)
(8, 9, 14)

Sylvester Gallai design 96/119
(0, 1, 2)
(0, 3, 4)
(0, 5, 6)
(0, 7, 8)
(0, 9, 10)
(0, 11, 12)
(0, 13, 14)
(1, 3, 5)
(1, 4, 6)
(1, 7, 9)
(1, 8, 10)
(1, 11, 13)
(1, 12, 14)
(2, 3, 7)
(2, 10, 11)
(2, 6, 14)
(2, 4, 8)
(2, 5, 13)
(2, 9, 12)
(3, 10, 14)
(3, 8, 11)
(6, 7, 11)
(8, 9, 14)
(5, 8, 12)
(6, 8, 13)
(6, 10, 12)
(3, 12, 13)
(4, 7, 12)
(5, 7, 14)
(4, 11, 14)
(5, 9, 11)
(4, 5, 10)
(7, 10, 13)
(4, 9, 13)
(3, 6, 9)

Sylvester Gallai design 97/119
(0, 1, 2)
(0, 3, 4)
(0, 5, 6)
(0, 7, 8)
(0, 9, 10)
(0, 11, 12)
(0, 13, 14)
(1, 3, 5)
(1, 4, 6)
(1, 7, 9)
(1, 8, 10)
(1, 11, 13)
(1, 12, 14)
(2, 3, 7)
(2, 10, 11)
(2, 6, 14)
(2, 4, 8)
(2, 9, 13)
(2, 5, 12)
(3, 6, 10)
(3, 12, 13)
(6, 8, 13)
(8, 9, 12)
(6, 9, 11)
(6, 7, 12)
(4, 10, 12)
(3, 9, 14)
(4, 5, 9)
(4, 7, 13)
(5, 10, 13)
(7, 10, 14)
(4, 11, 14)
(5, 8, 14)
(5, 7, 11)
(3, 8, 11)

Sylvester Gallai design 98/119
(0, 1, 2)
(0, 3, 4)
(0, 5, 6)
(0, 7, 8)
(0, 9, 10)
(0, 11, 12)
(0, 13, 14)
(1, 3, 5)
(1, 4, 6)
(1, 7, 9)
(1, 8, 10)
(1, 11, 13)
(1, 12, 14)
(2, 3, 7)
(2, 10, 11)
(2, 6, 14)
(2, 4, 8)
(2, 9, 13)
(2, 5, 12)
(3, 10, 12)
(3, 8, 13)
(3, 11, 14)
(3, 6, 9)
(8, 9, 12)
(6, 8, 11)
(5, 8, 14)
(4, 9, 14)
(7, 10, 14)
(6, 10, 13)
(4, 5, 10)
(5, 7, 13)
(4, 12, 13)
(6, 7, 12)
(5, 9, 11)
(4, 7, 11)

Sylvester Gallai design 99/119
(0, 1, 2)
(0, 3, 4)
(0, 5, 6)
(0, 7, 8)
(0, 9, 10)
(0, 11, 12)
(0, 13, 14)
(1, 3, 5)
(1, 4, 6)
(1, 7, 9)
(1, 8, 10)
(1, 11, 13)
(1, 12, 14)
(2, 3, 7)
(2, 10, 11)
(2, 6, 14)
(2, 4, 8)
(2, 9, 13)
(2, 5, 12)
(3, 10, 14)
(3, 8, 11)
(6, 7, 11)
(8, 9, 14)
(5, 8, 13)
(6, 8, 12)
(6, 10, 13)
(3, 12, 13)
(4, 7, 13)
(5, 7, 14)
(4, 11, 14)
(5, 9, 11)
(4, 9, 12)
(4, 5, 10)
(7, 10, 12)
(3, 6, 9)

Sylvester Gallai design 100/119
(0, 1, 2)
(0, 3, 4)
(0, 5, 6)
(0, 7, 8)
(0, 9, 10)
(0, 11, 12)
(0, 13, 14)
(1, 3, 5)
(1, 4, 6)
(1, 7, 9)
(1, 8, 11)
(1, 10, 13)
(1, 12, 14)
(2, 3, 7)
(2, 6, 8)
(2, 4, 10)
(2, 5, 12)
(2, 9, 13)
(2, 11, 14)
(4, 9, 11)
(5, 8, 9)
(3, 9, 12)
(6, 9, 14)
(3, 10, 14)
(8, 10, 12)
(4, 8, 14)
(5, 7, 14)
(4, 5, 13)
(5, 10, 11)
(6, 7, 10)
(7, 11, 13)
(3, 6, 11)
(3, 8, 13)
(6, 12, 13)
(4, 7, 12)

Sylvester Gallai design 101/119
(0, 1, 2)
(0, 3, 4)
(0, 5, 6)
(0, 7, 8)
(0, 9, 10)
(0, 11, 12)
(0, 13, 14)
(1, 3, 5)
(1, 4, 6)
(1, 7, 9)
(1, 8, 11)
(1, 10, 13)
(1, 12, 14)
(2, 3, 7)
(2, 6, 8)
(2, 4, 10)
(2, 5, 12)
(2, 11, 13)
(2, 9, 14)
(4, 9, 11)
(5, 9, 13)
(3, 6, 9)
(8, 9, 12)
(3, 12, 13)
(6, 7, 13)
(6, 10, 12)
(4, 7, 12)
(4, 8, 13)
(4, 5, 14)
(5, 8, 10)
(3, 8, 14)
(6, 11, 14)
(7, 10, 14)
(5, 7, 11)
(3, 10, 11)

Sylvester Gallai design 102/119
(0, 1, 2)
(0, 3, 4)
(0, 5, 6)
(0, 7, 8)
(0, 9, 10)
(0, 11, 12)
(0, 13, 14)
(1, 3, 5)
(1, 4, 6)
(1, 7, 9)
(1, 8, 11)
(1, 10, 13)
(1, 12, 14)
(2, 3, 7)
(2, 6, 8)
(2, 4, 10)
(2, 5, 12)
(2, 11, 13)
(2, 9, 14)
(3, 9, 11)
(6, 9, 13)
(5, 8, 9)
(4, 9, 12)
(4, 8, 14)
(8, 10, 12)
(3, 8, 13)
(3, 6, 12)
(7, 12, 13)
(4, 5, 13)
(4, 7, 11)
(3, 10, 14)
(5, 11, 14)
(6, 7, 14)
(6, 10, 11)
(5, 7, 10)

Sylvester Gallai design 103/119
(0, 1, 2)
(0, 3, 4)
(0, 5, 6)
(0, 7, 8)
(0, 9, 10)
(0, 11, 12)
(0, 13, 14)
(1, 3, 5)
(1, 4, 6)
(1, 7, 9)
(1, 8, 11)
(1, 10, 13)
(1, 12, 14)
(2, 3, 7)
(2, 6, 8)
(2, 4, 10)
(2, 5, 12)
(2, 11, 13)
(2, 9, 14)
(3, 9, 11)
(6, 9, 13)
(5, 8, 9)
(4, 9, 12)
(4, 8, 13)
(5, 7, 13)
(3, 12, 13)
(8, 10, 12)
(6, 7, 12)
(3, 8, 14)
(3, 6, 10)
(6, 11, 14)
(7, 10, 14)
(4, 5, 14)
(5, 10, 11)
(4, 7, 11)

Sylvester Gallai design 104/119
(0, 1, 2)
(0, 3, 4)
(0, 5, 6)
(0, 7, 8)
(0, 9, 10)
(0, 11, 12)
(0, 13, 14)
(1, 3, 5)
(1, 4, 6)
(1, 7, 9)
(1, 8, 11)
(1, 10, 13)
(1, 12, 14)
(2, 3, 7)
(2, 6, 8)
(2, 4, 10)
(2, 5, 12)
(2, 11, 13)
(2, 9, 14)
(3, 9, 11)
(6, 9, 13)
(4, 5, 9)
(8, 9, 12)
(3, 8, 13)
(5, 7, 13)
(4, 12, 13)
(4, 8, 14)
(4, 7, 11)
(5, 8, 10)
(5, 11, 14)
(6, 10, 11)
(7, 10, 14)
(3, 6, 14)
(3, 10, 12)
(6, 7, 12)

Sylvester Gallai design 105/119
(0, 1, 2)
(0, 3, 4)
(0, 5, 6)
(0, 7, 8)
(0, 9, 10)
(0, 11, 12)
(0, 13, 14)
(1, 3, 5)
(1, 4, 6)
(1, 7, 9)
(1, 8, 11)
(1, 10, 13)
(1, 12, 14)
(2, 3, 7)
(2, 6, 8)
(2, 4, 10)
(2, 5, 12)
(2, 11, 13)
(2, 9, 14)
(3, 9, 11)
(6, 9, 13)
(4, 5, 9)
(8, 9, 12)
(3, 8, 13)
(5, 7, 13)
(4, 12, 13)
(4, 8, 14)
(4, 7, 11)
(5, 8, 10)
(5, 11, 14)
(6, 10, 11)
(3, 10, 14)
(7, 10, 12)
(3, 6, 12)
(6, 7, 14)

Sylvester Gallai design 106/119
(0, 1, 2)
(0, 3, 4)
(0, 5, 6)
(0, 7, 8)
(0, 9, 10)
(0, 11, 12)
(0, 13, 14)
(1, 3, 5)
(1, 4, 6)
(1, 7, 9)
(1, 8, 11)
(1, 10, 13)
(1, 12, 14)
(2, 3, 7)
(2, 6, 8)
(2, 4, 10)
(2, 5, 12)
(2, 11, 13)
(2, 9, 14)
(3, 9, 11)
(6, 9, 13)
(4, 5, 9)
(8, 9, 12)
(3, 12, 13)
(4, 7, 12)
(6, 10, 12)
(3, 6, 14)
(6, 7, 11)
(3, 8, 10)
(4, 11, 14)
(5, 10, 11)
(7, 10, 14)
(5, 8, 14)
(4, 8, 13)
(5, 7, 13)

Sylvester Gallai design 107/119
(0, 1, 2)
(0, 3, 4)
(0, 5, 6)
(0, 7, 8)
(0, 9, 10)
(0, 11, 12)
(0, 13, 14)
(1, 3, 5)
(1, 4, 6)
(1, 7, 9)
(1, 8, 11)
(1, 10, 13)
(1, 12, 14)
(2, 3, 7)
(2, 6, 8)
(2, 4, 10)
(2, 9, 12)
(2, 5, 14)
(2, 11, 13)
(4, 9, 14)
(4, 5, 11)
(6, 9, 11)
(7, 11, 14)
(3, 10, 11)
(6, 10, 14)
(3, 8, 14)
(3, 9, 13)
(5, 8, 9)
(3, 6, 12)
(6, 7, 13)
(4, 7, 12)
(4, 8, 13)
(5, 7, 10)
(8, 10, 12)
(5, 12, 13)

Sylvester Gallai design 108/119
(0, 1, 2)
(0, 3, 4)
(0, 5, 6)
(0, 7, 8)
(0, 9, 10)
(0, 11, 12)
(0, 13, 14)
(1, 3, 5)
(1, 4, 6)
(1, 7, 9)
(1, 8, 11)
(1, 10, 13)
(1, 12, 14)
(2, 3, 7)
(2, 6, 8)
(2, 4, 10)
(2, 9, 12)
(2, 5, 14)
(2, 11, 13)
(4, 9, 14)
(4, 7, 11)
(5, 9, 11)
(8, 9, 13)
(3, 6, 9)
(3, 12, 13)
(4, 5, 13)
(4, 8, 12)
(5, 8, 10)
(3, 8, 14)
(3, 10, 11)
(6, 11, 14)
(7, 10, 14)
(6, 10, 12)
(5, 7, 12)
(6, 7, 13)

Sylvester Gallai design 109/119
(0, 1, 2)
(0, 3, 4)
(0, 5, 6)
(0, 7, 8)
(0, 9, 10)
(0, 11, 12)
(0, 13, 14)
(1, 3, 5)
(1, 4, 6)
(1, 7, 9)
(1, 8, 11)
(1, 10, 13)
(1, 12, 14)
(2, 3, 7)
(2, 6, 8)
(2, 4, 10)
(2, 9, 12)
(2, 5, 14)
(2, 11, 13)
(4, 9, 14)
(4, 7, 11)
(5, 10, 11)
(5, 7, 13)
(5, 8, 9)
(4, 5, 12)
(4, 8, 13)
(7, 10, 14)
(6, 7, 12)
(3, 6, 10)
(6, 9, 13)
(8, 10, 12)
(6, 11, 14)
(3, 9, 11)
(3, 8, 14)
(3, 12, 13)

Sylvester Gallai design 110/119
(0, 1, 2)
(0, 3, 4)
(0, 5, 6)
(0, 7, 8)
(0, 9, 10)
(0, 11, 12)
(0, 13, 14)
(1, 3, 5)
(1, 4, 6)
(1, 7, 9)
(1, 8, 11)
(1, 10, 13)
(1, 12, 14)
(2, 3, 7)
(2, 6, 8)
(2, 4, 10)
(2, 9, 12)
(2, 11, 14)
(2, 5, 13)
(5, 7, 11)
(4, 9, 11)
(3, 11, 13)
(6, 10, 11)
(8, 9, 13)
(5, 9, 14)
(3, 6, 9)
(6, 7, 14)
(6, 12, 13)
(4, 7, 13)
(7, 10, 12)
(3, 8, 12)
(3, 10, 14)
(5, 8, 10)
(4, 8, 14)
(4, 5, 12)

Sylvester Gallai design 111/119
(0, 1, 2)
(0, 3, 4)
(0, 5, 6)
(0, 7, 8)
(0, 9, 10)
(0, 11, 12)
(0, 13, 14)
(1, 3, 5)
(1, 4, 6)
(1, 7, 9)
(1, 8, 11)
(1, 10, 13)
(1, 12, 14)
(2, 3, 7)
(2, 6, 8)
(2, 4, 10)
(2, 9, 12)
(2, 11, 14)
(2, 5, 13)
(4, 5, 11)
(5, 8, 9)
(4, 9, 13)
(4, 7, 12)
(4, 8, 14)
(5, 10, 12)
(3, 8, 10)
(8, 12, 13)
(3, 6, 12)
(3, 11, 13)
(6, 7, 13)
(3, 9, 14)
(6, 9, 11)
(7, 10, 11)
(6, 10, 14)
(5, 7, 14)

Sylvester Gallai design 112/119
(0, 1, 2)
(0, 3, 4)
(0, 5, 6)
(0, 7, 8)
(0, 9, 10)
(0, 11, 12)
(0, 13, 14)
(1, 3, 5)
(1, 4, 6)
(1, 7, 9)
(1, 8, 11)
(1, 10, 13)
(1, 12, 14)
(2, 3, 7)
(2, 6, 8)
(2, 4, 10)
(2, 12, 13)
(2, 5, 14)
(2, 9, 11)
(4, 9, 14)
(8, 10, 14)
(3, 6, 14)
(7, 11, 14)
(3, 11, 13)
(4, 5, 11)
(6, 10, 11)
(3, 10, 12)
(5, 7, 10)
(3, 8, 9)
(6, 7, 13)
(4, 8, 13)
(5, 9, 13)
(5, 8, 12)
(4, 7, 12)
(6, 9, 12)

Sylvester Gallai design 113/119
(0, 1, 2)
(0, 3, 4)
(0, 5, 6)
(0, 7, 8)
(0, 9, 10)
(0, 11, 12)
(0, 13, 14)
(1, 3, 5)
(1, 4, 6)
(1, 7, 9)
(1, 8, 11)
(1, 10, 13)
(1, 12, 14)
(2, 3, 7)
(2, 6, 8)
(2, 4, 10)
(2, 12, 13)
(2, 5, 14)
(2, 9, 11)
(4, 9, 14)
(8, 10, 14)
(3, 11, 14)
(6, 7, 14)
(6, 10, 11)
(3, 10, 12)
(5, 7, 10)
(6, 9, 12)
(3, 6, 13)
(3, 8, 9)
(5, 9, 13)
(4, 8, 13)
(5, 8, 12)
(4, 7, 12)
(7, 11, 13)
(4, 5, 11)

Sylvester Gallai design 114/119
(0, 1, 2)
(0, 3, 4)
(0, 5, 6)
(0, 7, 8)
(0, 9, 10)
(0, 11, 12)
(0, 13, 14)
(1, 3, 5)
(1, 4, 6)
(1, 7, 9)
(1, 8, 11)
(1, 10, 13)
(1, 12, 14)
(2, 3, 7)
(2, 6, 8)
(2, 5, 10)
(2, 4, 14)
(2, 9, 11)
(2, 12, 13)
(5, 9, 14)
(8, 10, 14)
(7, 11, 14)
(3, 6, 14)
(3, 10, 11)
(6, 11, 13)
(4, 5, 11)
(6, 9, 12)
(6, 7, 10)
(4, 10, 12)
(4, 7, 13)
(5, 7, 12)
(5, 8, 13)
(3, 9, 13)
(3, 8, 12)
(4, 8, 9)

Sylvester Gallai design 115/119
(0, 1, 2)
(0, 3, 4)
(0, 5, 6)
(0, 7, 8)
(0, 9, 10)
(0, 11, 12)
(0, 13, 14)
(1, 3, 5)
(1, 4, 6)
(1, 7, 9)
(1, 8, 11)
(1, 10, 13)
(1, 12, 14)
(2, 3, 7)
(2, 6, 8)
(2, 10, 12)
(2, 4, 13)
(2, 9, 14)
(2, 5, 11)
(4, 7, 12)
(4, 8, 9)
(4, 10, 11)
(4, 5, 14)
(5, 7, 10)
(3, 6, 10)
(8, 10, 14)
(3, 11, 14)
(6, 7, 14)
(7, 11, 13)
(6, 9, 11)
(6, 12, 13)
(3, 8, 13)
(5, 9, 13)
(3, 9, 12)
(5, 8, 12)

Sylvester Gallai design 116/119
(0, 1, 2)
(0, 3, 4)
(0, 5, 6)
(0, 7, 8)
(0, 9, 10)
(0, 11, 12)
(0, 13, 14)
(1, 3, 5)
(1, 4, 6)
(1, 7, 9)
(1, 8, 11)
(1, 10, 13)
(1, 12, 14)
(2, 3, 7)
(2, 6, 10)
(2, 4, 14)
(2, 5, 11)
(2, 8, 13)
(2, 9, 12)
(3, 10, 11)
(5, 10, 14)
(6, 7, 14)
(9, 11, 14)
(3, 8, 14)
(6, 11, 13)
(4, 7, 11)
(7, 10, 12)
(4, 8, 10)
(5, 7, 13)
(4, 9, 13)
(5, 8, 9)
(3, 12, 13)
(4, 5, 12)
(3, 6, 9)
(6, 8, 12)

Sylvester Gallai design 117/119
(0, 1, 2)
(0, 3, 4)
(0, 5, 6)
(0, 7, 8)
(0, 9, 10)
(0, 11, 12)
(0, 13, 14)
(1, 3, 5)
(1, 4, 6)
(1, 7, 9)
(1, 8, 11)
(1, 10, 13)
(1, 12, 14)
(2, 3, 7)
(2, 6, 10)
(2, 5, 14)
(2, 9, 11)
(2, 12, 13)
(2, 4, 8)
(4, 9, 14)
(5, 9, 12)
(5, 8, 13)
(4, 7, 13)
(4, 10, 12)
(6, 7, 12)
(3, 8, 12)
(8, 10, 14)
(3, 10, 11)
(3, 6, 14)
(5, 7, 10)
(4, 5, 11)
(7, 11, 14)
(6, 11, 13)
(6, 8, 9)
(3, 9, 13)

Sylvester Gallai design 118/119
(0, 1, 2)
(0, 3, 4)
(0, 5, 6)
(0, 7, 8)
(0, 9, 10)
(0, 11, 12)
(0, 13, 14)
(1, 3, 5)
(1, 4, 6)
(1, 7, 9)
(1, 8, 11)
(1, 10, 13)
(1, 12, 14)
(2, 3, 7)
(2, 6, 12)
(2, 11, 13)
(2, 8, 10)
(2, 5, 14)
(2, 4, 9)
(3, 6, 10)
(3, 9, 11)
(3, 8, 14)
(3, 12, 13)
(6, 9, 14)
(6, 8, 13)
(6, 7, 11)
(5, 9, 13)
(4, 7, 13)
(7, 10, 14)
(4, 11, 14)
(5, 7, 12)
(4, 5, 8)
(4, 10, 12)
(5, 10, 11)
(8, 9, 12)

Sylvester Gallai design 119/119
(0, 1, 2)
(0, 3, 4)
(0, 5, 6)
(0, 7, 8)
(0, 9, 10)
(0, 11, 12)
(0, 13, 14)
(1, 3, 5)
(1, 4, 7)
(1, 6, 8)
(1, 9, 11)
(1, 10, 13)
(1, 12, 14)
(2, 3, 8)
(2, 4, 13)
(2, 10, 12)
(2, 6, 9)
(2, 7, 14)
(2, 5, 11)
(3, 9, 14)
(3, 6, 10)
(5, 7, 10)
(3, 7, 11)
(3, 12, 13)
(6, 7, 13)
(8, 11, 13)
(5, 9, 13)
(4, 6, 12)
(4, 8, 9)
(8, 10, 14)
(4, 10, 11)
(6, 11, 14)
(5, 8, 12)
(4, 5, 14)
(7, 9, 12)

